00

0111118. 018. 1000. 188811. 1810. 0000.
0110. 1818.

0111111, 111111 - 0001.

01111111 0007.

1111111111 0., 1. 1111111111.

0111111, 1. 0111111.

111111, 011 - 0070.

01111111, 011 - 0008.

01111111 1011111111) 11. 01111. 1110. Plu·
1111. 111111. 008. 801. 1880 sp.
1881. 1888. 1008. 0180. 0100.
0001. 8880. 0008. 0888. 8087.
8010. 71111. - 711111 0111111 11.
81111. 111. 11, 11881.

0. Aug. 1888.
Augustus 0111 0. 0080.
0. 1111111111 0111111111 1880.

10. RES SACRAE.

0. 1111111111. 1880.
81101111. nonen 0. 81111111 1881.

01111111. 0111 - 0071.

011111111. 0111111111. 0111111. 111.

0. 1111111 1010·

0111111 111. 11, 1. 110.

0111111111 11. 0111. 11111. 111. Aug.
1818. 1810. 0088. (0111111111)
8718. 0700.

0111111 0070.

Ura, 11110081.

011111, 1. 011111111.

01011111111111, 1. 011 01111110.

1111110088.

011101110000.

01111111 0007.

0111, 1. 111111.

10. RES 80011011.

1. 111111. som. 8111111111 11111.

1111010111. 1111010111 11 - 0881.
11111111 11111. 11111. 11 01. 111111
1110011.11111111111111110.11111.
01111. 111. 111111 11111. 1110. Pr.
111111. 11111111. m. 0. 1111.
1111011111 111. 11, 11. 881. 0880.
11011 1111111111 1111 0118.
11111111111111 1111. 11111. 11111. 111. 011.
1111111111 1110.
1111111111. 1111111111 8000.
0111111111111 0880.
0111 111111111011, p. 881 11111101.
0111111101 1111. 01111. 11. 10111.
0111111111 1111. 01111. 0111111111. m. 1111.
01111111 (01111111111111) 1110111 0808.
0111010111 1000. 08081 1. 11111οο0111.
0111111 1111110111 0818. - 11101110818.
Decuma 11111111 1111118110. - - 111-
rum 1008.
D. 11111 11. 0111111788.
l). 11111111 6180. 8181.
D. 11111 11111111 1111111111 0788.
1111111111.
1111111 1111111111111 1101111 0111111-
num 11111111 1008 = 8100.
01011 111111111ου1 111111111111111111
11111 111. 7108.
Nomen 01111111 6110.
’1101 commendo (11. 0111101111111111)
11111 111111 0110.
1). 1111111111 11111. 11111. 1111110111.
1111111. 818.
0111 1111111111 11. Pr. 11. 1111111.
111110111111 1111111111 1111. 1111111. 111.
11. 0110.

11111 111111. .. 11. 10111. m. 111.

Ι1111111111 (1111110.) 0880.

1111111 1110111 0808. 0808.

Epulum 1111111. 1111. 111. 11, 11381.
0111111111 m. 8111. 100.

8111111 1111. 1110. m. 8101. 01111.

8111111 1111. 0110. 11111. 1101111.

011111 11111111 11 111111011111.

0. 1110 111110. 011111 11111111 ¹

1111. 111111. m. 11111.

1· 1110 11 011 0. 011111 00111111
0111111,1’00. m. 111.

F. 1111 011 0. 011111 11111. 11111. 111.
1110. 111111.

F. 1110 1111011 111111. 011111 111111·
111111 11111111111 11111 1111. 0111.
111111. 111111.

F· 11 111111111111111 1111 111111111-
1111111. 1110 11 111 0111110111
1. 1111111 8111111 1111. 111111. 11.
8111.

1. 11 801110 11 011 11111. 0111.
11111 1. Augustus 1110 1111111111-
111,1’00.

1. 1180. 1111 11 011 11111. 0111.
Aug. 111111111111111 111111111101·
011111111111100. 111. 011.

F· 11 80. 11111 1101101111111111
0111111 11111111 1 1111111 0111111
100. 1118111.

F. 1180. 1110 ’11, 011111 11111111
1111. 1111111 11111, 01. 11. 1111111.

F. 11 80. 1110110111111111 111·
11111. 1111 01 11111111. 01111111
111. 111111011. 010111 11111, 11
1111111 11111111 1111110 11111. 11.
8111.

F. 1111 01111 11011110111111 1111111

 

