11. 1111111111. ’ 11

11111111 1. 1860. 81111111111 1111111111 11111. 11111.
11. 1111111111 1111111111111861. 1181. ’
0111111111111 11111111 1. 1810. 81111111 8111111 1111111 popul! 8111111
Vectigalia 1111111111111 b. 111111- 1181 1111111 8111111 1111).

1111 1881. 81111111111 81111 1.18151; 11. 111-

81111 111111111111111 11111111 1111. Pr. 111111 111 81111.

11. 1111111. 81111111111 111111811118111111115111.
11 1111111811111111 11111111 111. 5511. 11111.

111111111111111111111111111111 ’1111111 1111111111 11111111111118811.

1111111 6005. 0111111111 1110.

11111 1111111 8. 8111. Τ. 111111118118.

8. 81111111 1151. 1101. 8111. 8818. J
2244· 2285· ⁴954· 5003· 5435· 1. swa offlcfa 1111111111 Minora·
1111. 5888. 8081. Α 1111111111118111111111111111111-

81111 8111111111 Palatinarum 8861. 111 1108.

1111111111 8. P. 8111. 1111111 11111111111118188.

S. Coum! 560. 2245· 2761· 3134. ,1111111110 2918.

8185. 8181. 1801. 1111111111 111111 8811.

8111111 ’11111 118. 888. 1881. 8811. 111111111111111111 11111111111 8118.

5888. 8111. 6811. 11111111 11 1111111111 8111.

8. 11111111 1815. Α. 11111 81111111111818.

11111111 11111111 (1.1.) 579· 22³⁸· 1111111111111188.

8188. 811011. 8118. 1111. 8808. Α, 0291101112850.

1551. Α. 1111111 11111 Aug· 11111111 11111-
811111111. 681. 8811· 1111 quod 111 1181111111.111111-
1111111111 (1111111111) 1111111 1111, 111 111111111111111.

11111111111111 1111111111 1888. 1111111111 1111111 (11111111) 8111.
111111 V. V. 1111111 11 1111111 1111 1111111 1 111111 (11111111) 8111.

sepulcrorum 1118. 1888. 111111111111 1111111111 (1111111111) 1115.
V. 1. Caere 11111111 181. 1111111111 1111111111 1111.
1111111111111 11111111 (v. 1. mx) 1. 111111 8811.

ἓξὲξ. 1181. 8881. 8181. 1181. 811111111111111111)11111111 81111).
(1111. 1181111111, 11111111 1111111- G. 1111111111 11 1111111111 1181.

1111111111,1111111111111111111111 C· 1111111111 epulonum 1188.

1111111111 111 111111111111111; 1..111111111111111111111111111118188

11. 1111111111, 1. Ι. ρ. 58.) 8111111101111111111111111111118181.

111111608.

. γ.11111111111111111111111111111111- 1³.pontificumceanoamms.

fluum· 11. 1111111111 populi 11111111 1181.
01111111 (11. flamen. 1111111111) 8851. 811111111161111111 1111111111 881.
11111111111181.1101. 1181. F. Vtuglnum) 1(111111111)1881; 11.
11. Augustum. 8111111111, 8111111111· 1158.,
1111. 8111111. 1111111111 1111111 11111111 1111111111
8. 1111111 518. 1111111111 10881 11. 111111111.
1. 11111111 8118. 1111111 1111111111 1181.
1³. 1111111111 1111811118. 8151. 1111111111 1118118.
11. 01111111111888. 11118111 Larum Aug. 111 11. 11111111
8. 1111111111111.’ (1111 1111111111 111111 111111111111 11111111 1658.
11111111 11111111 111111111.) 111111111111111111111111111111118168.
11. 1111111111) 1118 (1111111 1111111 111111111 1111111 11111111 (1111111111
11111111 1111111111. 1111111) 1511.
8111111111 1818. 11. 1111111111 1888.
1111 1111. 11111. 811. 11111. 11. 11111. 11. 1111111111. 1111. 11111111111111
811111111111 1118. 1881. 8888. 111111111118.
1111111 111111111 8181. 8888. 11111111 Augurum 5110.
81111111 1111111111111111 11 111111111- 81111111111111111111111111111 8188.
tionum 1118. ¹ 8111111111118111.
· 8111111111111111 1111111111, 1. 8111111 8111111111(111111111111111111111111)
81111111 (1111111) 11111 1111111850. 11111111 1111111111111 8818. 8168.

 

