vm. 1163 mmmm.

1111111 ’11111111 636. 8366. 3366. 3666.
6666. 5837.

’1111111 111111 3666. 6666. 6666.
, 6666. 6661. 6637. 6666. 7176.

11111111 1766. 3666. 8666. 3

11111 111 1111111 66. 763. 666. 1671.
6766. 6667. 6666. 6666. 6666. 6666.
6666, 6666. 66766676. 6166. 6667.
6616. 6661. 6666. 6666. 6611. 6616.
6766. 6766. 6771. 67661. 6671.
6666. 7666.

1171111111 1116116666. 6661. 6666.
111. 111111111116767.

111. 6111111111111116111111 6666.
111. 11111161111111111111 6666.
111 11111111111111. 6666. 6611.

1114161811611111111 666. 6676. 6666.

, ...1 6666616666· 66
6766. 6671. 6611.

1111. 711111111 611111116666.

11111 111611111176. 1176. 6676. 6766.
3366. 3366. 8671. 6666. 6666.

11111111111111118611.6163.31133131.

11111111 11111111 6666. 6666. 6616.
6666. 7667.
111. 111 nutu.. 1 111.

61111 11116666. 6766.
11111111 6116.

111111111611111 6166. 6176. 6666.
6666.Ι 6661. 6666.

1111 1111111 1111131166. 8666. 8666.
6666. 6876. 6638. 6716. 67711.

1111 611111 611611116666.

11111. 6666.

11111. 6666.

11111111111 636. 6637.

1111111111 111. 1. 6666.

11111111 3666. 3666. 6666. 6666. 7176.

11 111111111 1766.
11111. 6663. 3666.
11111 111. 1111111 6666.

-1111111 666. 6666. 6616. 6666. 6666.

6661. 6666. 6766.

11111111111 6766.

11111. 6666. 6767.

11111. 111111. 6616.

1111111111. 66. 6666. 6766. 6667. 3666.
6666. 6676. 6666. 6667. 6666. 7666.

11111116116666. 6666.

11111111 766. 6676. 6766. 6771. 6671.
6766 1.

111111116766. 111. 111. 66661.

111. 11 1111111116361.

1111111111111 6666. 67661.

111111111111111 67661.

commentarium 11111111 aba.

libutius 7666 6.

111111111111 166.

11116111111111. 66.

1111111111111 166.

111. 111111 116.

11111111 1111.

11111. 6671.

11111. 1111111. 6766.

1111. 111111. 6676. 6161.

11111. 6666. 6166. 66661. 1.

1111111. 6666. 6611.

11111111 666. 6666. 6366. 6666. 6766.
11111111 6666.

1111111 6676. 6766.
1111. 1176. 66666666.
1111111. 76.

11111611 6671.

1111111 1666.

11111. 111111. 6116. 6666.

1111. 1111. 666611. 6616. 6611.
111111116666. 6776.

16111111 1111111 6166 = 6666.
11116111 6766.

1111116111 6666.

11116611 8616.

11111111 6766.

111. 6666.

111111.) 1111. 6716.

1111. 111. 6166.

1111. 1111. 6666. 6661.

1111111. 3176. 6776.

11111111 6666. 3666. 6666. 6676. 6633.
11111111 11111111. 6666.

 

