001 “ 11. iiiiouiiii’iiicu.

011111111 0111111111 5000. 011111 0110.
01111111111111 150. 0111 01001.
0111111111111111 0010. 0100. 0000. 0111111111. 01011111.

0005. 0000. 10001. 01111111 0000. 0000. 0010.
011111111111,1111101. 0111111111111. 0111111 011111111010. 0000.
0111 1. 01111. 0111111 (1111111111 0111111) 0101.
011011111 0000. 0110111111 0010. 0100.
01101110101. 1. 0. 0111111 11 011111101111111
0110011 5100. 10011.

01101110000. 01011111 010. 5050. 0110.
011011111 08’. 01111111 0001.

0110111111111111 0000. 01111111100. 5500.
municipium Trebulanum 1011111111- 0111111115000. 5055. 0105.

uum 1001. 0111111111 0010.
01101111100111111111 000. 0111111 0051.

0111111111 510. 0000. 011111111 5001.
0111111, Treviri 100. 00010051000. 01111110000. 0000. 5000. 0000. iiii.

5000. 0110. 0100. 0000. 1050. 5055.

10001 11. 11111111 01. 01111111 0500. 5000.

0111 1111115010. 01111 0111111111110001. 0000.
0110111 0000. 5000. 01111111 1000.

0111111111 0111111 151. 011111111 011. 0000.
0111111111 0100 .·.· 0005. 0100. 0000. 01111 01110111 000011.

0000. 0000. 0111111 5000.

111. 01111111 0011. Ubii 0150. 00501. 0000.
011111111111 1111111111 150. 0111111 (115010.
01111111 0010. 0111. (00111111) 101.

0111110111 0510 Veaminii 000.
0111110111. 0111110111 100. 0000. 0111111111 11111100.
01111111011110001. 0001. 011111111 0101.

1. 11111111 11. 0000. 0111111 1111110100.

⁰ 011115005. 0111111111. 01111111.

011111111 5110. 0111 000.

0111111115100. 011111, municipium 011. 100. 110.
011111111001. 1010. 0100. 0000.

011111 1000εο100. 011111110000“. 0101. 5000.

01111011 001 011111111 5100.

0101111 01. 01110111 11111 1111110111 uiui. uiui·

'rufium 88· ⁶⁹⁸¹·

0101111110000. 011111111, 011111111111. 0000. 0010.
011111 111110101. 0111111111 10111. 000011. 0100.
0111111110. 3101. 0111111 111115100.

011111 0000. 0000. 0005. 0100. 0100. 0111111111111 1111111 0001.

0101. 011111111 500. 0000.
0111110100. 0100. 5101. 0010. 0011. 0111111111111111110000.

0010. 5500. 1111111 1101110001.
01011111 0010. 01111111 0000. 0000. 0001.
01111 0001. 111111111111 0. 5150. 0000.
01111111111100. Urbi 0111111110111. 0001.
’011111 1100. 1101. 0110. 0000. 0000. 1111111 0. 5111.

0000. 0000. 5100. 50000100. 0000. 011111111 0000. 0511.

01111 000. 5101. 0111111111 11111 0101.

01111 0111111111111111 01111. 0150. 0111111. 111. 0. 011111101111115100.
011111111 110. 1000. 0000. 0000. 0000. 01111111 11111 110.

1100- 0111111 01. 00. 0000. 0101. 0100. iiii.
0111111111 (10 uuum 1111111111) 0111110000. 0110.

0100 = 0005. 011111111 (1) 0000.
011011101011. 0011111111. 01111111 000.
01111 0000. 0111111 00111. 0000. 1100.
01111111 050. 0000. 01111111 0001.*
01111 01100. 0111111111 0. 0101.

 

