vm. RES MILITARIS.

b. Cohorm 11000000.

00000100 11000000 3400.
00000100 11000000 Χ, xl, xl! 13.
00000100 11000000 X, 1111, 11113410.

1010. 03. 3401. ,
00100100 1010001 3401.
00000100 000. 1100. ind.
0000001001οι 101000οΙ 1101.
00001001001010 10100001 1101.

, 0001 0000000111.

00010 0000110 1101.

00010 0000οΙ1 1001.

00110 0100110011ὸά.

00110 0010100000011 1001.

0 0000011001000 100100 0001001000 Vt·
0000 00001. 1100101001.

00000100 ind.

’ 01001100 1001.

000. 1 1100000 5030 = 0170.
1100. Antoninum 3407.

0101010010 1101.

100000001οι 1011.

00000010 000. 1100. 0053.
1010. 3407.

00010010 5030 ·.·.· 0770.

(000.11111 1100. 0000. 0000111 1100. 3445.)
nn

000. Χ 1100. 031. 004. 1705.
0477. 3434. 3574.

ΜᾞΜἎΜΜΜΜ1

0775. 0770.

000. 111 1100. 11101110. 0405. 3457.
3400. 3550. 0011. 0007. 0000.
0701. 0770. 0010.

1100. 00001000 1701.

000. xm 1100000 711. 0445. 3403.
3500. 3000. 0000.

noh. xlm 1100. 1130. 3430. 3444. 3510.
3000. 4473. 5450. 0707. 0771. 0033.

0. 00000100 01911000.

1010. 3574.

0000100010 0444.

1010. 74. 3100. 0770.
00010010 0775.

1011). 1110. 0107.

00000010 3451.

00110 10000010 1701.
01001100 3550.

ungulum 1010. 0111. 0010.
1010. 3115. 3500.

00010010 3415.

00011000 0000000010 0000.
0011010000010 0000.
01001100 3403.

0000010000 3403.

1010. 3414. 5450. 0033.
00010010 1000. 0707. 0771.
00000100 1010001 3510.
01001100 4470.

μωωηηωωωωη

110110οὠ 0. 0000100100, 00100001.. 1011.
v . 004.

1000. 1710· 3100. 3450. 3411.
5055. 0510. 0151. 0753. 0151.
0701. 0047. 7170.

00000001. 3430. 0510. 0750. 4750. 0701.

tribunus 0111100010 0751.

00010οΙ0 0751.

01100000 0751.

000000100100 praet. 1101.

00 00001001001000001.,001 prino 00001000
nnn. 0000. Antoninus Aun- 1100 n·
0. 00010000 Alexandrino (10411 3440·

00 000010010οι0 00001. 0753. 7170.

1100001001. d. 0751.

00110 0001000100 0151.

10000000100 000100100 110.

0001100100 0000100100 111.

 

