118 vn. RES PVBLICA ROMANORVM.

11111111. 1111111111 1111. 811111. 11 1111. Lugdunensis 8818.

111111 8111111111..18111111111111. 8111111111 111. 188.
1111. Germ. ini. 8888.
Pron. 111. qui 1111 1 pinacothecis 8111.
81111111111111111111888. 8118. 8588.

1111. Germ. 111. 188.
1111111111 1111111111 1111111111111·
8111111111 1 8111811111111111111

8111. 11111111118188.

11111111 11111111 Ariminensium 8818.

111111. 111111. 111 811111. 11 duur
1111111111 8888. 8888.

111. 1111. 1111. 811111111111 81111-
1111111 8888.

1111. 111111. 111 1811111111 118111·
111 8888.

111. 111111. trecenarius 818.

811111111111 prouinciarum:

8111. 1181111881.

111111 8111111111111 8888.

811111 81111111111111181111111111
iure 1111111 8888.

111111811811111181881 11. 88881.

811111 1111111111111 8881. 88181.

111111111 111111 8881.

1111. 11118111. 181 1111 11111188 8888.

81111111 1111111 8811.

pror. 1111188888881. 8888.

1111. 11111, 1111 1118111111111111
111111111111 11111111111111118888.

81111111 11 1111111111 8811.

111. 8111111111111 (1111811. Germ.
811111 1111111111111.1111111 Gri-
iturine 8818.

1111. 81111111188. 8888.

81111111118111118111111111118811.

1111. 81111111. 1111111111 1111111111,
urrunnun 1111111111. 8111111 118.

1111· Bithyniae. Ponii. 811811111111
111 1111111111, 1111 111. 1111111·
1118888.

prov. Ermum„ ’Ὧι ⁶⁷⁰¹· ⁶⁹³⁶·

111111118111811111 8818.

1111. 8111181181 8818118888.

1111111 811181111111111 8888.

1111. 81111111 188.

1111. Cypri 8881.

811111 11111118 8888.

11111 8881.

1111. 1111111111118881.

1111. 1111111111111. 8888.

88111111 111. 111 11111111 11811
1111111 8881.

1111. 1111111111 1111111111 81111111
8818.-18888.

1111. 81111111 8818. 8881.

118111111 11 11 11111111111111111.
111. 11111. 8111181. 11111. 881111.

rii 11111 811111 8888.

1111. 1111111111188. 8181.

1111. 1111111111 1111811111 8881.

1111. 1111111181 8888.

1111. 111111111111 81111111118188.

1113151110 iiior· 8111111111111111111111

8111111111111 8888.

1111. 11111111111111111 8881.

1111. 8118111118 8188.

'Teiffnzliffli'issciiffiun 1111111111
1111 8888.

111 81111111 8881.

1111. 8111111111 111. 8888.

111. Antonini 111. Pii 1111. 1111.

ini. 8885.

1111. 11111111 188.
11111111. 1111. 811811 1111111111.

11 111111 811111. 188. ³
8111111115181. 8188. 8811.
111111111 1111. 811811111 11. 8188.
11111. 1111. 8118111111888. 8818.
1111. 811111118881.

1111. 81111181111111111 8888.
1111111) 1811111111 8881 (1111 11111
1111 .

8111111111 1111111111111 8118111111

81111, 811811111111 8888.

111 81111111 1111111111, 11111111 (i), 8111. 11111111118111111111111118118

8111111111 8888.

1111. 1111111111 8188.

1111111111111 11111111 nnmerum 1111-
11111111 818.

8818.

8111. d. 1.11. Aurelii 811111 1111111111

88 818111. 1111118111111111111
11 ’1811111111 111. 11111111. 1818

11111111111111111811111111111111- 8111. 11111111 1111111111 1111111111

811 1118111 1111. 8111111. 11.
ingr. 8811.

Pron. 1 11111118118881. 8811.

11111 8111111 (inuit. 8118. 8111.) 11111111111181811118881.

ninii.

Pron· iu 11181 8888.

1111. 81811111811118111111. 8888. Pron. 11111111811 818. 8811.
1111. 811811111111111111111111 8881. 8111. 18 111 1811111 8111111111 8881·

8888. 8818. 8888.
1111. Lugudunensis 11 8118111111,

1111 81111111 8881.

18 111111 1811111 111. 8111. noni

11111 888111.

1111118111111111 1111118188 iiii·

 

