vm. 11318 mmmm& 137

1111113330.
1113. 111111. 5303. 3151.

11111 311 1111111 73. 333. 3101. 3331. 1113. 73. 133 5735. 333. 3331. 3333.
3333. 3333. 3133. 3513. 3533. 3333. 3135. 3353. 3311. 1315.
3311. 5303. 5153. 3151. 3713. 5307. 3703.

3775. 3353. 3371. 1111111. 3717.

1. 11111 1333735. 3333. 3133. 111111113717.
3503 up· 5337. 3703. 3330. 1111111 7317.

1. 111 11111 3333. 3135. 3513 3353. 111111113053. 3131. 3183. 3133. 3533.
3717. 3775. 3713. 3775. 3353. 3371.

1111. 1. 1. 1111111. 3053. 111111 350311.

1. 1.·1.111111111111315. 1113111311 111. 311. 1. 1111111111

11111111111111 350311.

1111131111111311111 3733. 11111111 3733.

11111 3111 3101. 111111113701.

11111 3111111. 353. 351. 177. 310.
1133. 3011. 3333. 3333. 3333.
3115. 3155. 3503. 3533. 3335. 11111113351. 3013. 3151.
3351. 3330. 5003. 5151. 5150. 11111. 353. 351. 3301. 3713. 3333. 5151.
5703. 3013. 3013. 3151. 3710. 3013. 3331.
3711. 3331. 3333. 0317. 0331. 7333. 1111110111 3533.
11111111111111. 333 = 1703. 11111111 177. 1133. 3011. 3115. 3533.
1111. ρ. 1. 01111313331. 3331. 3710. 3711.
p. 1. 3. 3. 11111111311111111375. 1111111111 1033.
111. 111 3311111111111311111131 11111111113333.
11111111111111 11011111 111111- 1111111 11111111 3331.
111 1111131111 3711.
111. 3111111111 1333. .
111. 31111111 1111113111115333.

11111 3111 11111111113373.

11111 31111 3333. 3330.
1111131111 1111111111 331. 3375. 3151. 71717ι 1171737531ἓῖίὸ

3501121353. 0013305011813015. ἑῐΙδέυΙῐῐΙὶΙΙὴὲῗθ3 31353. 0013. 3050.
311 0 .

1111131111 1111131111 31501. 1110. 1111. 31501.
1111131111 1111111111 3373.
11111. 3003 up.

11111 X 335. 3370. 3908111· 3011 (1)· Μὴ, 1171,

demut 111. fflssffissssssssffi

11111 x 111. 3333· 1111111 3333.1

111111311111111 3333. 3333. 1333. 1111111 5151. 3501.
5151. 5153. 3501. 3311. ἰ 11111. 111. 5153. 3311.
1111111111 1111111111 3133. 111111111333.

1111111 31131301. 3311.
11111 X 1111111733. 3003. 3353. 3100. 11111. 503. 3353. 3100. 3570. 3773. 3733.
3333. 310-1. 3511· 3535. 3551. 3373. 5130. 5331.
3770. 3373. 1331. 5303. 5331. 11111111 733.
3313. 33031. 3311. 111111113033. 3310.
1111111 111 331111 503. 3030. 3570. 1131111131 11511·ί
3733. 5130. 5733. 11111 33031.
1111111 31131111 3113. 11111 11111111 33113
1111111 3111111111 5333. *qul 11111111. 11111. 3131.
111111 1111111111 3333. 11111111 5733.

3111111111 35311

 

