vm. RES MILITARIS.

coM 33. 3444. 3435. 3537. 3533. 3741.
3ξω3613313433 4733. 3343.
33. 333433433333 Am. 33. 3103.

331311 33. 3433. 3533. 3533. 3574.
3531. 3333. 5453. 3737.
33. 313 3134333433.

33411133. 333. 3335. 3533. 3555.
5737. 3737. 3773. 3344.
33. 313 313433 434.

334. 1114 33. 3433. 3433. 3433. 3533 (1).
4337. 3333. 3775. 3353.
33. 313 313433 3457. 4473.

334. 1. 33. 3373. 3535. 5313. 5173.
3343. 3333.
33. 313 313433 534. 3557.

334. vl. 33. 33. 33. 73. 335 33. 1347·
3335. 3434. 3513. 3543. 3735.
3335. 4335. 5333.

33. 43133133. 3314133. 4554·
33. 3131133. 71433. 4355.

334. 414 33. 44333. 3155. 3444. 3435.
3547. 3533. 3534. 3533. 4443.
5333. 3774. 3775. 7143.

33. 3. 3. 333331333 4773.
33. 43433131343 343 3134331333.

334. vm 33. 1333. 3375. 3544. 3553.
3553. 3737. 3345. 4333. 3333.

334. 4111133. 73. 3333. 3333. 3445.
3771. 3735. 3333. 3735.

33. 313 343433 3433.

434. xm. 74. 3333. 3543. 3553. 4334.
3334. 3333.
33. 313 343433 341.

334. xn 33. 3543

m

4314. 3433.

33343313 3444.
campidoctor 1733.
33413 33314333 3435.
umorum 333433 3537.

,3333133133133 4344331 3435.

433113133133 3343.
eque· 3747 334.

4313. 3574. 5453.

33343343 3737.

33343313, 33333143433 33314333 33. 3433.
433333133133 3533.

33331333 3533.

14433433 3433.

31331314. 333 433343133133 3533.
4333333133 3433.

33343313 3533.
33333 3335.
33343433 3344.

4314. 3433.

33 1333333313 3457.
33343313 3353.

33413 3433.

33341333 31134333 3533 a).
temnrlus 3433.

eques 3333.

14333433 3433.

33333433 Aug. 33 334. 4444 33. 4775.

ξ beneficiarius tribuni 5473.

33343313 13473
43413 43 43343313 3431.

33133133113 4333431331314314331 3441.
3333313433 3543.

43143333 3444.

33343313 3771. 3775.
campidoctor 3435.
3413433 333313313341 3517.

3133313313 4314331 3533. 3533.
eques 7443.

4314. 3333.
33333 3541.

s 4314. 3333.

43343313 3433. 3443.
43413 3771.

3333133133133 4143313774.
flue! 3333433444.

’ 3333333 mo.

1133313313333313341 4771.
4333333133 3774.
43333 3333. 3541.

tib. 74. 3333.
4314. 3538.

 

