vn. RES PVBLICA ROMANORVM.

11551155 53. 550. 550. 55510501535.
0577. 0700. 3507. 5555. 5175.
5555. 5505. 5705. - 1555 753 55.

11551155 curules 551. 550. 555. 555.
550. 0075. 5115. 5103. 5155. 5130.
3550. 3555. 5550. 5573. 5570.
5000. 5050. 5550. 5535. 5010.

555. 555. ΙΙ 550.

5551155 5151115 500. 977. 0055. 5151.
5571. 5593. 5535. 5553. 6500.
5551151 (515015) 55515155 077. 5155.
3159. 5393. 5559. 5507. 5755.

1151515555 5551115 55.

Aedilium permissu 15 monumento 555·
555 1515555 11551 5555.

,1551115155 5555115 5150.

Tribuni 515515 (15. 51.) 553. 555. 535.
075. 005. 700. 705. 775. 8001170.
1173. 0053. 0073. 0557. 0559.
mo. 5055. 5100. 5100. 5155. 5155.
317555. 5175. 3177. 3330. 5550.
5501. 5807. 5855. 5010. 5050. 5150.
5170. 5100. 5505. 5550. 5558. 5558.
5500. 5551. 5550. 5550. 5558. 5580.
5555. 5010. 5010. 5059. 5051. 0550.
5551. 5550. 55555. 5535. 5591.
5593. 5505. 5500. 5501. 5505. 5755.
5311. 5015. 5055. 7500. 75005.

15. 51. 5551555555 3575 5550.

55. 51. 5555155155 133. 0570. 0750.
5551. 5555. 5500. 5015. 5055.
5595. 5500. 5500.

1551555155515555551551555555155.

55. 51. 5555155155 05555515 55 775.

1555. 0151 11555551 5155.

1555155155 0151 7551551 Aug. 5170.

(15551555550555551515 5511555515 515-
5515110141515515155515155 77. 700.

703. 000. 5055. 5595. 5755.
51155555 50155 7555551555 51 11155
7115 15155 5555515155 1175.
55555511551555 1555. 5555555555.
5111555. 555511. 555. Commodo
55155155 Plo 751155 Aug. 3710.
50155 115555 Antonino 5555.

11515155 15155 5155515155 571. 0155515
2ξῶιὲ 555. Germ. 5555555 5155

(7515555555νο 5555515 aevi 0555155-
11515515. 555155.)

55. 51. 5555555, 15 utroque 155555

Quaestum 155. 155. 011. 550. 551.
550. 555. 555. 555. 555. 559. 575.
533. 500. 555. 555. 30011001137.
1103. 0151. 0555. 3055. 5109· 5153.

105

5151. 517555. 5505. 5807. 5851.
5571. 5550. 5558. 5505. 5550. 5577.
5580. 5758. 5550. 0555. 5555. 5585.
0585. 5505. 5505. 0500. 0011. 0055.

Q. designatus 5551555551555 51155-
55555 omnes. 5511555 15 551515 555
functus 551 5517.

Q. designatus 555555515ῙῇΓο 5715.

0. 5555155155 1130. 1151. 1105. 0035.
0551. 0555. 3050. 5055. 3151. 5150.
5130. 5133. 5151. 3135. 5550. 3730.
5170. 5551. 0551. 5500. 5503. 5510.

Q. 5555155155 Am. 0751. 5155. 5007.

1555. 5555. Nema 7551551155.
05555. 055151 5530.

0151 7551551 055151515005.

11151 [15551551 75005.

0151 55551551 5155555515555555
1555155 5555155155 5151555 5155-
555555 555155515155515 555555·
55115 551515 551 5503.

1555. cm. 11. Aur. 55555551 ,15-
555151 Aug. 9110511515 5055.

1555. 5555. M. 155. Antonin! Pss
7511515 5155. 0579.

Q. 555. 5155. 3153. 3550. 5050.
5557. 5555. 5533. 5015. 5050.
Q. Aug. 51 eodem 55155555 155.

55. 55. 551515 5555155155 5151555 .

Q. Augustorum 0075.
1555. cneum 555. 55555.
55515515 Aug. 551775.
11151 Aug. 5171. 05555515 5105.
71. 55555515 750.
71. cm. 555. 703. 300055. 7055.
0111 7555551551 5130. 5510. 5559.
0151 7551551055515151 5000.
0151 1155515551 555, 5501.
1555. 55155151 555. 0115051.

Q, 1555. 1170.

Q. 05115555 1005. 0058. 0075. 3158.
5159. 3550. 5055. 5000. 5555. 5578.
5570. 5500. 5055. 5005. 5050. 5555.
5507. 5500. 5755. 5755. 7158.

Q. 515 5555515 5150 55.

55155155 5 71. 5155515 11555555
Augusto Germanico, 551 5515555
55555155 555 1515551555 51155
55515555 55555551 5555515 35-
5155515555.

Q. 5555155155 55155155 5555. 5000.

5151555 1173. 0557. 0577. 0700.
0750. 5551. 5055. 5501. 5010.
5010. 5551.

55155 5505. 5705.

0555551555 15 55551555 5515
functus 5517.

 

