IX. RES MVNICIPALIS. 101

0. 0010101111 “ 1110001111 1010001100101110101111171.Ι

1101110101 01111111οι1 01110100111101001 11100011101001 1110100011111011010

00511111 0001111· 1101110111. 00.

(1011011100 1111000001. 7100. 111. 11011οο1001 00101 101010. An·
1010111 0100101001οο00. 1001οο Aug. Plo 0000.
elementorum 011100000001010 cremer· 1100011101 10 0011011110011111010.

500. Camunnorum 0 0110 ’1111000 Per·
pecuniae 1010. 01101001. 11100 Fre. 11100011011001110111001000007.

0155. 001110111001010101 1010. 0010110100.
111011111011010 Ν1111101010001000010. 1011111101οι 101000010111111 1700.

0011101 1001010 0011111· 0001. 0011101 1001011100011011000101100.

metuente 0150. 100001101010 0005.

Praeneste 0001. 11011100 100.
1000011 11100010 00011000100. 0500. Praeneste 1107. 0001. 0000.
1000010 010011 Areae 1110. 0155. 0000 10.
1000011 000010 011001101 Ameriae Teate 1010.

0000. 10000111 0111 00101 Beneventi 0070.
0101 (1) 1000010 1110011100 0101. 01000111 0001101 0110111010 11111100-
10100111101010111111 000011 1. 1110. 1101110500.

0001 = 0005. 0001111011011101117111110100000705.

001110110010 71101100 0005 57000. muneris Ceumem Venusiae 00005
00011010 Femur 0000. 0150.

10010 00000010 1111011017. 0011 01000111 0001101 101001110 001111·
00000 001101 11000000. 7110. 01011111 Funere 7007.

0011101 0111001 1101000011011 05010. 00111010001010 000110010010010000710.
0111001 000100101000110101 1111- 11000100. 0155.

111101 000. 0111011000.

00000111010070. 7151. 00000110 00011001 01 eperum 00011-
enmmue 0111οι 110100101οω 010110- 111010 0011110007.

0110100000101110000. eperum 00011οο1001 1000οΙ11 01101

01111101 00100110 10101111 000. 000. 000· 10 11110 1110110110 0000.

0701 0011000000 0 00011010 0111· 011011011000010010011000100000.”

10111101 0010101001. 11011ῧο00011οο10010110001000111001

0011101 (101111) 11001111 110.
0011101 1101 Tibure 0000. 000111 thermarum 0110110 1100010-
1. 100. 0000. 1110111001001100. Benevento 0000
11001010 01 aere 7010011111 5000. = 0011.
1001 11110οΙ11 11010111 Tibure 0000. 0011101 0101 7011010000011115100.

*με

0701. 000οε0000. 0000. 7100. 0011101001011110100011010 0110110100
1101 11010001 0000 1101100101 3070. 000.
00111011100011001011111111100110011110. 01οἓ110 00011011 1001100 0000.
5080. 111111· 3070.
0011101 1010οΙ1 Tarracone 7150. Veneriae 0150.
Temere 05001. 00100110 00011010 erigendae 0101111·
qur 011110111101010 Arme 01. 0000001 0111110 0000.
0011101111011111001111111000. 01000110 00011010 01 opernm publ}-
1001 {orem 0111010111 Aleae Fere. 0105. eorum 7100101111.
5000. 00000110 110110 11000011· 0700.
....... 0011101οι 01101(οΙ 1) 111001110015.
1011101 1111010 1101010011οω 111101
0011101 11000011 Abellae 0000. 7100.
11110000110000011001110000110700. 1011101 1111001010 10010000011001 11
10101011 1010001111 7107. 000.
re! 11001001. 1101111 7105. Cure 110011111 010101111 Tarracone 155.
1111010100 101000001701001010100- (101010110101001. Aurem). 1108.
mero 10111011 1001010 0000.
01111101 1010000111 11111111 0000.
1100001. 011. 7000. ,10100011 11010111 (00111001 {uerendum
0101010001οω 0001. 1000111) 0007.
1110000110 0001. 11101101 001. everrente 000..

0011101. 1111111011. Lem. Vol. 111. l

ψ

 

