11. GEOGRAPHICA.

01115111. 111111111 1111111111. 1110.
1111111 5111. 1. riou Augustinorum 1511.

1111 5117. Laurentini 1151.

lririr u. 11111111. Vin 1111111111 5111.
11101711.1110.1111.1151.1011.1011. Lnurinirnris 11111 uri 11111 1111111-

1115.11111711511155115517. rum 5115.

0118. 1110. 1111. 111111111111111

111111111111110. 111111111111111 1111.

i. 111111111111191. 11111111 011111

i. regionis 1111111111111115. 1111111 1711.

1111111 quui 111111 1111011111 5111. 111011111111111511.

5115. 1111111111111 0171.

Ι. 1110113101. 1111111111 11111101 (i) 111.

1111111 157. 5101. 11111 1111.

111. 1111111111 11. 1111111 nuti!

111. 111111111111111 1017. uniemur 111111111.
1111111, 111111,111111111.” 1007. 5050. [Annon 5110.

5051· 5051 ⁵⁸28· 5113. 11010111 111111111.

111111 5111. 1115. 1111111011. 5177.

11111111111711. Libya 1110. 5111.
1111111111111115101. Liguria 1111. 1055. 1111.

11011111 1111. 1111111 511. 511. 1191) 5117. 1111.
111111115110. 1. 11111111 5111.

1111111111 5171. 1. 01111111115117.

1111111 (i), 111. 11111. 111. 1111111111111111111.

1111111111 117. Ligustinum 1111.

Vir 11111111 1011. 1170. 7111. 1111111111111111111.
11111111111111010. 111 unni. 1111111111111151.

1111111 1151. 1111011111151.

111111 1111. 111111 5711.

1111111 1111. 11111111 175. 1707.1011.1011.1010.
1111111111 5111. 5111. 17111. 7011. 1011. ’5111. 5155. 5110. 5110.

1111111 1111111111 5111. Livii 111115111.

1115111111 5131. 11111111115011. 1711.

11111111 ium i) 5110. 1111111111. 1111111 11111 - 111.
1111111111 1117. 1111111 5111.

“ 11111111111111111Ι.111111111111111. 1111111111111111111 111.
11111111 1111. 1111 1111.

111111111 111111111 Veiturii 1111. 1111111 (1111111) 550. 1071. 1117.
111111 111115115. 1511. 1715. 0111.

1111111110. 1101. 5157. 111111111157.

11111111 101. 1711. 1011. 5177. 1111111 5117.
111111111111111111011. 11111 = 11101171.

11111111 11 syrin 1510. 11111111 111111111.
111111111115011. 11111111111111, 111. luiin 11111 1111.
11111, 111111111111111. 5117. 111111111 11111101.

11111111 11111. 5175. 1111011111 11111 11113 1111.
1111111111 1111. 11111 (101. Vocontiorum) 5115.
Vl· unu· πω. ⁴35³· 55⁰2· ⁰⁰2⁰· ad 111061 521⁰·

11711507. Lugdunensis. 111111111111 111111111
111111 1111. Prrun. ur. 1111111. 111. 1151.1171.1111.1151.1151.
11111111 5111. 5510. 1011. 0111. 1151. 011111.
11111111, 1111111170. 1111. Guiiiu.

11111111 011111111111 111. 1117. Lugdunum, Lugudunum 105. 500. 1151.

Lavinium 11711111111111111. 1010. 1077. 1111. 1115. 5111.
1111111111 5110. 5501. 1111. 7007. 7151. 7151.
1111111111 1171. 1151. 11111111111111 111111. 111.
1111111..(1111111111.7111.)1171. 111. Ciruriin Gunir 111. 1. 1115.
111111111111.1171117117117017. 5111. 1011. 1011. 7100.
111111111111111111115151111511. 111. 111111111111111.
1701. 1717. 11111 111111111111111. 1117.

 

