3300. 11111111 1037 111.
3300. iiii 11111111 11111111 3135111.

33003 11111111 3111311111111 3173.
3.3.3 11 1111 11111111 1730.

3310 11 1111 1111111 3133. 3033.

3313 1111111111 3110.

iix 1111ξο3 11 beneficiario 1111111111
37 111.

3110 111111111133.

Exn. 310 T, 3110 311 11111111 111·
1111111 evii.

iimcc 11 1111111111 3137.

lix (lonleii-P. i 11 1111111111 0111
1111111 133 = 735.

311 0011. 3011 111111111 1111111111-
tum 3133.

113 3 11 1111111 iiiiii.

11111111 11 3111111 decurionum 313.

33.3.3.3.3.3.0 1111111. 111111.
11111111 11131111 1111111111 11111111

PX 35313 1. 11 3 P 11 11111111 11111111

· 111111 1111111 11111111.111111 11131111

313111 1111111111 1333. iiiii.

3311131) 11 11113111113333.

3133 11 11111111 11131111 11111111.

311 P P 3 0 11 11111111 11131111 1111111·
dum 11111111 3377.

Ex PR 11 11111111 333. 330. 1333111.

311 Pii 11 111111111 1311.
iix P. 31133. 11 111111111 111111111

iix 3138911 11 111111111 111111111 11111-

111 (1) 5331. .
33 . 311 11111111 1111111113171. 0731,
3113311 111111111 {irbi 5531.
33311 111 1170·
31130 11 11111111 1111111111 1 111.
EX. 310 11 1111111113173. .
33330033333 111131. 00.
1111111111 1111111111 1111111 111·
turiurum 7130.
3113 11111111 1133.

Ex 3 11 1111 1317,
31. 3.· 330 11 11111111 11111111 73.

iix 3111 11 1111111 3333.

3 1131131153. 1033.
31111111 1111 111. 11, 1. 33311107.

P 11111 11111111.
3111111111, 11111111 coniunctum 111111 Pii,

1111111111 1111111111.
P 1111111 1337 111.
3 1111111 11111111.
3 1111111 iiiiii.
3 1111111 3053.
3 1111111111 3173.
F 1111111 7333.
'ii 3111 3333. 3303.
’ 313 311111 111311 iii. 333111.

xm. 110313.

iic 1111111111 33.

310. 00311 1111111111 11111111 1313.
310313 1111113111 1333.

3103 1111111111 3333 111.

311. 31111111 1113111 11111111.

3110 311111111111) 3113.

3111. 0113 11111131 1111111113 3553.
3111 3111111111 1031.

ι 3. 0. 1111111111 1111111, 1111111111

11111111.
11. 11111 1111111111 (111. 31. 1111.) 311.
3. C . 133. P faciundum 1111111111
iidemque 11131111111 iiiii.
3.0.Ν.1.3.1.11335.
P· 0 .311.. 3. 01. . 311. iorum 01111111
3131111111 333. 331. 333. 337.

3. 3 1111111111 1111111 3133.

3 ,33 . 3 . 3. 0 1111111111 111 imina
11111131 11111111 3301. .

3.3.13. 1113 31111 domiui 1111111 11111·

1111111 335.

33011111 1103 111.

3311 . 113 111111 11111111 300.

(1131. 3111111 3313.) ·

33 11111111 30171

3. P. 11111111111111 1111111111111111113 333.

3. 34. 311111 31111 (inuio) 3013. 3133.
111111.

33.1.1.. 311111 (1111 3331.

333 . 111. 311111 11111113. 1137.

3 . i 11111 iunii 130 = 735 111.

31 0111111133.

3.1,1.1) 31311111 111111 11111111 311
(Barcino) 3137,

313.11 31111111 1111111111 3093.

310 3111111 333.

31 . 13. 11333033 1337.

iiii 0111 1.

iiii 001. 01111 1111111133.

31. 31111111. 3111111111311.

311. 311111 311111 1111111 (11111) 30.

31111. 313011 11111111 31111111 iii.

31. . rui. 311111 11111 (111111 3333 111.

3 . 113 . 33 . 330 1111111 1131111111 11
1111311111 33331

31. .P 011111 1111111111 3313.

31.. iii 1 1 panim·

3. L.P 111111 1111 11131111 7033 111.

3011.01..ξ11. 111111 Claudii 3111111·
nium 3 5.

ioli · 0011 1111111 Cornelii uiui„

3033 Fordicidia 11111, 1. 333.

3011033. 31113111111111 30.

1011111111111 iiiii.

3033. 30113 31111111 3111111111 1331.

m immanium pubiicum 13071333.

3.3.1.3.3.3.οΧ1..13.11.1111111111-
11111 pubiicum 1111111 11111 1111111
CXL 13 3111111111 111111 3733.

 

