82 V. IMPERATORES ΕΤ 1100011007117011151.

D. 1. 0111111111 7111171111 11111111
01111111 1877. ⁴

0. 111111111111111111. 0111. 011111·
1111 (011111111111) 011. 1800.

0. 1. 5111111111011. 1070.

7111111 01111111111115. 1111. 011111111
insufflamus 111111111111 nucu, ii·
11111 0111111111 5570. 5571.
011111 7111111111 11511111111111111111,
111 1101111111, 01111011. 01111101
11111221. Valerius Licinianus Licinius
indnffin. 711. - Licinius 115. 0111.
epm-iun 111111. Licinius 011. 5505.
1111. 0111. 711. Licinianus 11111111
71117111111111111 011. 037. 5015.

0111111111 1151111111111110111111511·
111 1111111101 0. 1011111111111·

111111 111. 0111. 1071.

711110111111111111 111111111111110. n.
711. Licinianus Licinius ponpeium
11 1111111011. 5507.

0. 1. L. i.. 011. 5570.

0. 1. L. 1111111011. 5570.

D. n. L. 11111111 1111111011. 0000.

0. 1. 111111 0111111111111111 1111111
011. 5500.

1111. 0111. 711. Licinianus Liciniun
7111 7111111111111 011. 1. m. 1115.

111. 111. 111. 11. 111111 (ι. ³12)
nfffeimn. vu. ι.. ι. 111. mu.
0111111. 111. Germ. 1111. 1115. 111.

X· 111. 7. 1111. X. 1. 1. 111111.
(ι. 018) 10711.

inierim Licinianus Licinius noi. 0111.
1..11Ἶῖ30111. 5570.
0. 1. 1111111111 115. 0111. 5505.
7111111 1..1.. iunior 1070.

11111. 0111. 71111111 inierim 0111111111-
0.ωιῖ igi! 711. 011111111111 Ρ. 7.
invinius 011. 0000. 0505.

inp. Cunn- (111111101117. 7. 11111111
011. 011101111111111 (11110111-
111110) 011. 01111 51111 111 11511111
11111010. iiii.

1111. 0111. 71. vni. Coniinniinni 7111
71111 11111111 011. 01110111111111
711 011. 01. 5105.

ι 1111011111115111111151111111. 01111-
11101511011111.111111111111111
1111111 111111. 0. 1. 1111. 71711.
01111711171111 11111111 1111111
011. 1081.

7111111111 11111111111111111111111·
1111111111 11111111 0. 1. 71. 711.
Gonni. P· 7. 11111111 011. 5575.

0. 1. P. 1111. 71.) 711. Conni. 11111111
0111. 5570.

inn- 0111. 71. 711. 01111. 7. 7.
0111111111 011. 500.

1111. cuni. 71. Conni. 0111111111 P. 7.
0111. 1115111111 01511, 11101111
11111111 1075.

0. 1ὲ501111. 0111. i». 7111111110111.
10 11.

0. 171711. 01111. 0111111111, 511111-
111111 11111 111111 11111111111111
10111111111111101111111111 1111111
01111111 5. 1. 1. 1. 5000.

7111111111 11 11011111111110111111111
ci 1111111111 11511111 1151111111,
victoriosissimus 0. 1. 71. 711. Gonni
iiiuimnn P. 7. 11111111 011. 1000.

concinimus 11 1111111111 innn- 01.
Conni. 5111111111 7. 7. incinit· 011.

7011151111 omniun 11111111 1101·
1011111 111111111111 11111111 111.
0. ιι. 71. 711. Gonni. 0111. 7. 1.
11111111 1111111011. 5577.

0. nii. Conci. 111111101111111 nnnc
'mo An!- ⁶25⁹·

015111 111111 01111111 nomini 11511-
1111 0. 1. 71. 011117. 7. 1111111
011. 011. (111) 1087.

0. Conni. 0111. 7.7.11111111151111
1111111011. 1081.

01.71.01111.01111111111111111111ι
011. 5055.

0111111111, 1111111 1111111111.
0101111. 0111. 0111111111111151·
111 1111111011. 1008.

1111. 0111. Conci. inueniuntur
1111111151111 011. 5100.

inuncans. 71. Conni. 0111. Germ.
81111. (111. 1111111111111.011.5500.

71111111111 01111111 imperii 11101111
quintin 11511111 0. 7101111. 0111.
111111 1111111 011. 0111 cunni
111111, 0111011111111101111 0751.

ninnium 11111111 1111111011.

71101111 1111111 1111111111111 11511-
1110. 1. 71. eonii. 11111. 111111
11 1111111111 11111110111000.

licirbizm 5111111111 11111111 11111111

0151111111 11511 Romani, 1111111111
1151111111 1111111511111, 111111-
11111 miiitum 11 111111111111111 iii·

01111111 quintin 11511111 0151-
111111111111 incus-innocue 01111.
11111111011. 1080.

ῦ111οΡΙιι11111111111.11111.0111.105011

 

