11. RES SACRAE.

Δῐὲιΰὲ616611661 6161166161 6111666 6666.
A'zittani 1166161611 16116616111111111
61111161 1166611 6156.

6. 6666166116 municipalia 1161111616.

6161111 1611166666) 1666611) 11661),
1611166166. 6116.
666. 16111. 1616. 6661.
6661111 1661. 1611. 0111116661.
A. 1661. 1611.1. iia. 6667.
A. 61 6116161 1161611. 116. iia· iiiii:
61. 6116161.
66611661 (6661116111) 1661166 1666.
6661161 61116111 16116611 6666111161
1616166161.
A. 61116111 1166116611166. 6666.
66661111116. 166. 6666.
661616116611661 6. 61 P. 166. iiii.
Curatur aedituum 6. 61 P. 166.
616611111 1661111616 61116111 16116611
Augustalium iia. 1661.
6. 6116166616116, in 661616161-
16661 6666 .·. 6666.
A. 1116611 6116611661 lionae 6666
6. 66611 Fortunae 16611616 Ranae
6. Fortunarum 611111 6665.
6. (1111661111) Romae 6766.
A. 61 manati 1666.
A. 6611(1611116116(61611616) 1566.
61161111 1161161616 Sallustianorum
11611166 1666. 1666.
A. vernarum Aniii 1736.
66111161 116161 1661, cai. 1611. 6666.
161116. 661611661166161ς (6616611116
11111111) 1666.
6. 166611 6111161 6611666661.

Arimini 6661. 6666. 7676.

611111 6666.

Banaumii 6666. 6667.

6116161 iiii.¹ 6615.

6611611666 5666.

Canii 6716.

66161111 3816.

616111 166716.

11111111 6666.

11111111 6666.

6116661 656. 666. 656. iai.

interamnae 6676. 6776.

Lauinii 6676.

Lunaa 5166.

Mantuae 6166.

Minturnis? (66111) 5151). 5151.

Ν166611 6158.

11111 6766.

1161166111 aiii. 6666.

6616111166 aiau.

1111116661 6156.

in 661. 66161116116116 6656.

6611111 6666.

66611111 1116.

6661116166.

Surrenti 6111.

'sibura 1576.

1161611 6111 661161 Tiburi 6656.

11166611 aiiii = 6666.

111661 66.

1616166667.

Venafri 6166. 6517.

1116616 666.

Viennae 6666.

Album 61116 1116611661 66611116611661
11166166] 6666.

6666111 6161616 6666116666 6161161,
6116161 6667.

6666111616111611616616161,111111161111

666616161 116661, amana 6666.

1666111 6661161 (1), Aquini 616.

66661666161,1Ι 1666166161 6.
61661611, 616616116, 1. 66111611. .

A. (1616116 666. 61 61166111,6161 conuiuii 1661166161, 1. 16661661116.

manain, in Gaiiia 6666.
A· 6616116116116616 6616661661, in
Lusitania 1766.

6616661161 6616111666. 66611111 6666.

71151 ei. magistri 161616 666.

6661661661 5666.

66111616 (silvinum 1111666611 66· (6661661161616611661.)

1161), 6111116166.
66111111111116, 11161661 61611111 11166
11111116 maxima 1666. 6665.
6161111161 synodi Pramnio 6661.

661616161 16661616, auctoramentum

1. 6)). 61661616.

66116161161616 611616 111116 616111

ssav

6. 16111661 616666. 11611111 61661 1. 616111616161161 6666.

16661661 16116661.
tiliana, 61111661, 6161661, 6111111661.
naarai:
6111111161 6611.
in 66611116616161.
n σοι. mim 6161.
inii 1116.

(1611111. 1111611611. 61116. 161. 111.

’16ἱο 66166161 ia 1661116111, uariam

1611116111, Bouiani 5676.
1111161611 1

Fi. 61111 6161611116 5666.
Anauni 615.
6611666161 61116. 6166.

6

 

