811111111 8888. 8888. 1588.
1. 1111111 8117.

81111· 11111111. 1188.
1111111 8811.

8111111 1818.

8111111 1111111111 1188. 8888. 8888.
1. 11. 11111111111111111111111111111
1. 41619121111 1188.

8111111111 8188.
8111111111 8885. 8158 111.
11. 1111111111111 8515. 8158. 8811.

Speculum 7111111111878.
8111118881. 8888.

811111111111111 57.
8111111 11111111 8880.

81111111 11111111111111111 7118.
81111111111 8188. 8558.

8111111 8817. 8788.
111111 11 1111111 8181.

81111111188. 8788. 8888. 8888.
11. 11111 111111 11111117188.

εωΜωΛωωμπ

811111111 1111 praesepiis 111111111877.

11. 1111111181 111111 111111111111

11111111111111 1111111 1111111111,
111111111111 8888.

81111111 7818. 7818.
11. 111111111111118888.
8111111 8518. 1818.
11. 111111 1111 1111111111 7817.
1181111181 7818.
11. 11 11111118811.
11. 11111 111111111 111111111111111
111111111111 11 111111111111111-
11111 111. 111. 1111117188.

811111 1111111 111111118.

11. 11 1111111 111111 111111 188.

1111111 11111 1111111 8888.

11. 11 1111111 1111111111 1111111111·

111111 188.

11. 1111111 8185.

11. 1111111111111111 1181.

11. 111111 8888.

11. 1111111 8578. 8878.

11. 11111111 8888

11. 1111 11111118878.
1111 111111111 1888. v
111 11118188. 8888.
111 1111 11111118181.

11. 111111111111 1188· 8188. 8177.
111111 1111111 8578.

11. 1111111111 8818. 8858. 88581858.

1888. 7158. 7178.

111111 1111111111 878818118851.
111111111 111111111 1188.

11. 11111111 8571.

11. 111111 11181111 5887.

xn. 81718111711111.

11. 111111111 8858. 1888. 88811 7158.
1171183111 8818.

881111111 8858.
81111 1111111 18811.
1111111 58881.
11 11111. 11111 1111111 1111. 11111111
1111111 1111111 111111111888.

- 8111111 8888.

811111118188. 8818.
8111111 1888-1887.
111. 1111111 11111111 8111111111 11
8111118117.

81111111111 8881.

81111111111 7888.

8111111111111 8888.

811111111 8118.

81111111111 81 = 8887. 8888 111.
8111111111 1885.
81111111111111111 8111111 8188.
8111181111 1111111111 5188.

811111111811111 8887.
81111111 81111111 1111111 8187.

mmmmmmm

1851. 1518. 7881. 7881, 2
1. 11111 11111111111111111111118881.

7111111111 8888.
’1111111 11111111 111111117888.
1. 11111111888.
1. 1111118888.
1. 11111111 11111 111111111 11111811
1111111111 8817.

8111111111 81 = 8887. 8888.
1. 11111111888. Δ
1. 1111111111111 1111 1111111111111111
111111188881 11. 8111111181.
’7111 8885.
11111 8588.
’1111111111 7878.
’1111111 88.
1. 111111 1111 1111111111 11 11111-
11111 1111111 8878.
'rosunum 1778.
7111111111111111 788.
’.1111111111 = 1111111111 188.
’11111111 111111 8888.
1. (1111111111) 11111118 578.
111111111 (8111111111) 8888.
11111111 1111. 11 11111. 81. 8111111 11
1.. 7111 Augu. 5178.
1. 1111111111111111118111111111888·
1. 1111111 11111 1111111111 8111111111·
111 11111115111. 5115.
111111111111 111111181111 uss-³5.
11111111115811. 5818.

71111 11111 8888.

11111 1. 11111 1111111.
111 11 1. 1111117888.

81111111 8588.

 

