111. DII. DEAE. MYTHOLOGICA VARIA. 91

1. 811111 19191
1. 11111111 191111.
1111111 1119 111111111111111

1. 1111 11111 981. 1198. 9910. 9911.
1. 1111111 1880.

1. 1111111 11111191 1889.
1. 11119111 Aug. 819.

1111111111 898. 1919. 1990. 1991.

1999. 1998. 1991. 1998. 1109. 1199.

Iunones 1589. 1589. 8199.

11111111111998. .

1. 9111119999. 9981.

1. 11111111 1991.

1111911111. 11, 1. 981. 1111. 11111. 11.
11111 1111111. 910. 958. 511. 519*
5893 199. 981. 1918. 1919. 1111.
1018. 1198. 1995. 1819. 1991. 1999.
1989. 1999. 9118. 9119. 9111. 9991.
9910. 9999. 1999. 5959. 5858 5118.
8111. 8115. 1191. 111111 1111 m.
111. 111. 11, 1. 881-

11111111919111111111111181.’18911.
981. 988. 989. 999. 999. 918195.
509· 599. 805. 815. 909· 901.
995. 991. 919. 1015. 1119. 1910.
1911. 1919. 1911. 1918. 1911. 1990.
1919. 1999. 111911. 119511. 1158.
11901850. 1851. 1885. 181911.
181518111889. 1899. 111911.
1199. 1998. 1899. 1890. 1891. 1911.
1980. 1999. 9051. 9058. 9191. 9199.
9198. 9998. 9989. 9199. 95983
9118. 9918. 99883 9905. 9995.
9981 51011. 8919. 9999. 9119.
915111. 9515. 9891. 9895. 9191.
9955. 991910181081. 10851999.
1198. 1995. 1915. 1911. 1918.
5101 (11. 5111. 5991. 5911. 5919.
59195911. 5911. 5918. 5199. 5108.
5181. 5199. 5891. 85891. 5859.
5851. 5855. 5851. 5119. 5899. 5881.
8119. 8509. 8099. 8889. 9899. 8991.
8899. 8108. 8119. 8159. 81808895.
8981. 8888. 1919. 1011. 1991.
19091119.

1. 0. 11. 1111115111.

1. 1111111111 5811.

1. 0. 11. 11111111 9118.

1. 1111111111, 11111191118955.

1. 1111111 5199.

1. 0. 11. 11111111115819.

1. 1111111111 1999.

1. 11111 summanus 1918.

1. 1111111111 191811.

1. 111111111990.

1. 911. 1111111111111111111118119-
111111 11111191111111111 111111111-
1111111111 111111111111 5819.

1. 1111111 9991. 9915.

1. 0. 11. 1111111111 1991. 5911.

1. 1111111199911.

1111111111 9989.

1. 9. 11. 11111 bonarum 11111111·
1111 5815.

1. 111111111115819. 5811.

1. 9111. 1990.

1. 91111111908. 1909.

1. 0.11. 11111191111999.

1. 111111915818.

1. 11111111 1859.

1. 811111111119809. 9811.

1. 911111 1991.

1. 1111111111 8981.

1. 0.11. (91111111. 11111 11111111-
mine 11111 11111111 1901.

1. 0111111111111111981111.1191.
1899. 9511. 9901. 1989. 58191.

1. 11111111111111111111 111111 1998.

1. (1.11. 1111111911 1111111111111
Rosciorum 5819.

1. 111111 1991. 1991111. (11.) 1889.

1. 391ὲ611. 111111 111111111111999ε

1. 0. 11. 91111111111999.

1. depulsor 1999. 1881. 999911. 5899.
5891. 8181.

1. 9111115899.

1. 9111 (1. 9111111111) 5898. 5891.

1. 1119111111 915. 5891. 5898. 8759.

1.0911919111111)191119991999.
1991. 1995. 9199. 9591. 1959.
5895. 5898. 8519. 9881.

1. 0. 9119111111101.

1. 0. 11. 1111111111191111111 1988.

1. 901991111111. 9011911811) 5819.

1. 0. 11. (11111191111999.“

1. 1911111 (111 11111111) 1991.

1. 0. 11. 11111111 1111111 5909.

1. 1111111111 591. 1111. 5959.

1. 31ζδιὲ111111111, 1111111111 898. 1998.
1.

1.1“. 11111 donnum 11111111 1998
1. 1111111111111 5899.

1. 11111111118880.

1. 0. 11. 111111. 911. 1989 = 9918.

1. 1111111. 1111. 111111 1911.
91111111. 0.11. 1919.’

1,. 11111111 1911.

1. (1.1. Hammon 1919. 5891.

Ῐ. 0· Mc ΗΘΙΙΟΡΟΙΗΙΙῙΙΙΙ ¹2⁴⁵· ¹2⁴⁰·
5185. 5899.

1. 0. 11. 11111111191111111. 19. 1119.

1.0.11. 111111111111111 consumor

11111191. n. 91191111 111111. 1111111
Aug. 5899.

1. 91111111111111) 9998.

1. 1111911 58991.

1. 111111111919. 8881. 8895.

1. 11911111191111 1111111111 1111111·
11111 1111. 8111. 11. 11111. 11111111

wi 1. 1. 1111. mn. 19111. nnn.

 

