13

311111111 3133. 3353.
3111113111. 510. 3100. 3333 3533.
3337. 3537. 5333. 5330. 5530. 3353.
33711 11. 3313.
3. superior 5330.
3111111333.
311111111. 3171. 3317. 3313.
311111111111111, 1111111111, 1111·
111 (11 3330.
3111111111 3333. 0333.
3111 750. 737. 3533. 3537. 35333575.
35375333535113333-3333 ests.
3111330.
3111111 5333.
coi. 3111111. 311111111101111.
3111131111 5373.
311111111, 311111111 303. 3153. 353311.
5331. 5333. 3571.
311111111,311111111333.3103.3153.
3713. 3717. 3037. 3370. 3303. 3333.
3033. 3133. 5313. 5333. 5355. 5353.
3330. 3705. 3333. 3335.
3. 1111111111 5573.
. 3. 31111111113310.
3111113111 3331.
31111111111111 3330.
311111111 1733.
3111111111 35. 3373.
31111111 333. 3333. 5333.
3113111 3370. 3857.
311111311111111111130353333. 5333.
licentes 7333.
31111111111,31111111111 3133. 3133.
311111111111 1111 1111115533.
3111111111 3131.
3111111111 11113111111133331 11. ivurio¹
13 Decumum 3310.
31113111111 5373.
3111111 3371.
Doricus, iuiie — 73.
3111111 3033. 5310.
(311111111131111111111 153.
311111 Tit. mnus 70331.
311111111 3330.
111113131111111) 5333.
ricus 3111111111 Ariouisti 33.
tie 3111. 0111115157.
bibioneuscs 3333.
31111111 103311.
3111111111 103311. 37301 o. 3111111111.
3111111 (8311111111) 3705.
311111 regio 5303.
311111115355.
31111111, 1111111 111 butino 3303.
Druantium 5310.
3111111111 3353.
3111111111 5330.
Eurucurrem 5353.
3111151111 33.
Coi. Eborsceusis 130.
Eburodunum 5310.

Π. nonomine.

111111 3111131111111 313. 313.
Eburum 7135.
Ebusiunr 137.
33111 3131.
31311111 333.
Einusis 3371.
Eleusine 3331.
3111111111. iieiuesion
Emerite 3333.
111. Emeritensium.
1111111, 11111-71. 1301. 3331. 1333.
Emporium 1111111303511.
Euieuus, iuudus - 7303.
3111111, 11111 - 3131.
Ephesus 337. 3153. “
1111111 3111111111 1333.
Ephesii 733.
3111113353.
311111111111 eentum uomornus 510.
1311115310.
31111311 3333.
Boetius, 11111 3035.
Equestris. coi. 111111111111311111.
Eroeginum 5310.
11111111 XV 1111111. 33. 3133. utuinisi.
Etrusci 1111. Pr. 11. 111. 533. 5333.
3111111111 3333.
Europe 3373.
1131111111 11111 3355. 7033.
1131111111 1111111 100. 103.
E. noveni 101.
Eeiericnses 3113. 5133.
Eeicrio 7137.
311111 (111) 35.
1111111 municipii Euierioneusis iiii.
colonie 31111111115133.
Eccum 3111111133. 5310.
1111111 11111 311111 3111111133.
111 p. 311111311031. 15351 ef· sss
1. iisoorsmu.
coionie Esnesiris 3133.
1111111111 3333.
Esrrsticuni. pessuium.
3111111, penus 3003.
3111111111. usgue 3333.
Ferentie 5310.
Ferentini 5503.
3111311111 munic. 3111111115333.
1111111 Fecstieuensis 1373.
3111111111.
Feitrensie 333.
vie 11111111 3111111111110333.
Ferentinsies 33.
Γ. 111111 1011.
Eercuiiueuses. 1111111 surum 1111131311·
eines 3507.
Eiusne 7133.
Ficolenses 3333.
regin 3111111111 111.
3131111 1111. 31. 11. 111.
1313111111 113.

 

