11. 111111111111111111111. 111

1111111111 7115.
11111111 11111111111 1111.
11111111 1111.
1111111111. 111. 11111 1117.
1. 1111. 1111111111 111. (111111. 1111.

11111111111111. 1151.
1. 11. 11111111 111. 1111.
1111111111 Augustae 1117.

A 1111111 11111 1111.

111111111 1159.

1111111111 1111. 1111.
111. 11111111111111 11. 1191.
111. 11111111191. 1191.

1111111111 1111.

111111 1111. 1111. 1115.
. 1. 1111111111111111111.
1. 1111111111 1111. “

1111111111111 1111.

11111111111 111111.
11. 111111111 111111 1111 ’11111111

111. 1911. ,
11. 1111111111111 1111 1111111111.

ἐ 111111.

11. 11 1111 1111111 1117.

11. 1 111111111111 1151.

11. 1 111111 1951.

11. 1111111111111177.

11. 1111111111 111111 1111111111111.

11. 1111111111111111 111111 11111111-
mn 1151.

11. 1 11111111111111.

11. 11111111 111111111111
1171.

11. 111111 11111 1111111111·
111 1171.

11. 11111111 1518.

111. Ι.

1111111111 1981.

1. 1111111111111111111, 1111111111- 1111111111 11. 7171.

11111 111111 1111.

11111111 15901 11. 9591.
111111111 1591. 7111. 7111.
11111111 1811.

111111111 1791-

111111 111111111111111.
1. 1111111111 1111111111111.

1. 11111111111 11 111. xlm 1111.

1. 111111111111 1111.
1. 1111111111 1111111111111) 7117.

1. 111111111111111 1111.
1111111111111111 11. 11111111.

111111111 (11111111.
1111111111 1117.

11111111 1111111111 111111111111 11

11111111 1111.
11111 1111.

1.1.11111111111111111 1111111 1111111

1111 1115.

111111111 111111111111111111 11111-
11111 1111111111 1111111111 1111.

1. [1111111111 1171.
1. 0111111111 1179.
1. Vergilianus 1179.

1111111 1111.
11111111 1111.
1. 11 111111 1111111111 1111.

1111111111111111111111111111111111111.

5111. 5711. 1117, 1111. 1111.
1111. 1111111151.
1111111119.
1111111111 5111.
111111 11111111 81111111 119.
1111. 1111. 1111. 5111.
1111111111 11111111 111.
1111. 11 111111111111111.
1111111111 111111111-
1111951.

1111111. 111111, Gale·
1111111.
1111111111 1151. ”

111111111111.

11 1111111 1111111111
111111 1111111111 1951.
1 1111111111. 1911.
Aug. 1. 11111111111111111111.
11Ι11111. 111. 1. 1171·

11111111.

11111111111111 11 11111111 5119.
Professor 117.
1111111 1111.

11. 11. 1711 = 1119.

111111111 1781.
111111111. 1111111111 1111111111 1511.

1. 11 11111 11111111 1111 11111111 151115111171.

11111111111 1111.

11111111 1111111111 1511.

1111 11 1111111171.

’ 11111111 7111.

111111111 1787.

Α 11111111111 1111111111. 711.
1111111111 1111. 1171. 1111.

1111. 11111111, Aua. 111. 1579.
11111111 1118.
1111 1111.

11111 11111111111111 1111. 1911.
1. 1111111111 111111111. 1111.

1111111 1111111111 1111.

1111111111 11111111 1511.

11111111111111 1171.

11. 11111111 11111111 1. (11111.) 11111111 5111.

1111. 1911.
111111111111111. 1. 1117.
11. 111. 11. 1111.

1111111111 117111. 5171. 7171.

1. 11 1111111111171.

111111 1511.

 

