111. ml. DEAE. MYTHOLOGICA VAmA.

,111111111111 1788.

Aguntum, 1. 11111111.

Aghn 11111 1951.

8111111111, 1. 11111111.

8111118151 1951,

1111111111 5885.

1111111111, 1. 1111111.

Alaunium. 1111111111.

Annium, 1. 81111.

11111811 1599.

11111111 1556.

11111111 1981.

Aius 1510. 1957.

Amnum. 1. 11111111.

Amnum (fort. 0111111111) 5811.

1111117999.

11111111 1811·

Anchialus, 111111 A. (7) 1815.

Annum, (111 Aug. 1958.

111111111111, 1. muttum.

Angelus 11111 (111111 1111111111) 0019.

,11111111 1111 111.·

,11131111 111 118· 5891. Angitiae 1819.
11111111111111 1818.

1113111111, 1. Genius.

Anna 9111111 1111. 8111. 1191111.
81111. 1817.

Annon· 111111 1810.

1111111 1111111111 (1) 5098·

81111111 899. 1086.

Apono 1111. 11111. 11111. 111111. 11111.
89. 11. 979. 979. 900) 999. 995.
917. 987. 101. 897. 881. 1189.·
1970. 1199. 1191. 1195. 1511·
9017. 9019. 9160. 9918. 9695.

’ 90981198981809509111. 5085·
5915. 5119. 5701. 5709. 5709. 8081.
8191. 1197. 8195. 1189. 8188.
0901. 1997. 1115. 0791.

111111. 9019. 85871897. 1801.

A. Augustus 1191. 9518. 9999. 6918.

A. 8111111111. 1918, 1. 8111111.

A. 8111111) 5880.

1111111111. 855.

A. (11111111 1197.

A. 11111111 1997. 1998199990θο
9001. 9017.

A. 11111111 8113111111 9000.

A. invictus 1099.

A. 11111111 (1) 5700.

A· 111111 9091.

A. Lyciuu 1198.

A. 1111119898.

A. 1111111 1110.

A. 9111111111 9190 sp.

A. 1111111111110.

A· Pythius 1199. 1997. 9871.

A. ’1111111119059

A. 11111111 1111111111999.

’111111 11101111 111. 11, p. 980.

1.11811111151095717,1111111111.

99

11111111, Appenninus, v. luppiter.

ΑΠΩΣΙΚΑΚΟΙ 81101 9191.

81111 1111111 1811. 1119. 18911901.

Aquae 1111111119. 1111. 9890.

Aqun 8111117119.

11110111, 811 - 1995.

1111111 deut 1950.

1111111, 111 -, 1. 8111111111.

11111111, 1. 9111111111.

11111111, deus - 5879.

1111111111, 11111 - 1999.

Annuus (genius 1111111111) 0110.

8111111, 1. 11111111.

1111111111, 1111 - 5879.

11111111, 1. 1111111.

Arnon! 11111 5871.

1111311111, 1. 11111111.

11111111 1511·

111111111; 1. 11111111.

Asclepius, 1. Aesculapius.

Auurgnenne, 1. 1111111111.

111111111118111 1919.

Aetna Auoumuuu 9191.

8111111113. 5876.

111111 1159· 1898. 1890. 1909. 1909.
9998. 9999. 9990. 9959.

A. Aug. 1901.

Α. 8111111111111 9959.

A. 1111111111111 conservator 1901.

A· Menotyuunnun 11111111 1900.

A. 1111111 11111111111119981,
11111111 1111 908. 919. 970.100.·
11111111,11111111, 1. 11111111.
Augustus (1111187. 5981. 6951.
1111111111 9099.

1111111, 111111111111 - 5877. 5878.
11111111111, 1. 1111111111.
Autumnus 9109·

Auum· 5811.

11111111), 1111111111),111111111119110.
1111111111, 1. 11111111.

Auitus 1988.

81111111 1190. 1557.

111118. 9911.

B. 1111111101111 981·
maurum 1989.

Balmarcodes. 1. 11111111 11.
1111111111. 1911.
B. 1111111 5811.
8111111 899.
B. Aug. 1967.1. Apono.
81111111, 1. 11111111.
8111111 1111. Venus. 111115891909.

Det B. 5975.

B. 111111111119917. 9918.

9. 1111111 9911.

811111111111, deun - 1915.
Deus 1111111 11. 1908.
Deua 111118. 1966. 5879.

81111 5889.

 

