CAPVT IV.

Dll lMMORTALEs.

*—

5. 1. 10271211 ΟΡΤ. MAN. Erstvss 011111 COGNOMINA,
ETIAN PEREGNINA.

N. 1213 211212222111222212211211 (12221111 121221122ςΙ 221222222222111 22112 finxisse

{isurun 111224 822212 1112122 ,condemnatus 221 2 2221222212, 111111. 1221. 1222. 1812, 2.
, . . .

Ν. 1211, 221. 1 1121121222.
Ν. 1219 genuinumne 2. 1901 1221122 proponitur: 21, 221. 11, 2. 116.

Ν. 1220 222. 21 221221 2211222111 12112 12 21112122 212212 Apennino 21222 2113 2222.
2 Sekoggt'a; 0212221, 1211121. Paeon. Nl, 2. 226.

Ν, 1221 222. Arabiano, 12212222 1110211101 ef. 2. 5611.

N. 1222 2222122, 22 2122122 221111221222. 2122121222, 1Ι Ν. 82³⁸.

Ν. 1227 221211 02. 1221211221 11111122 Quirini 8212212212, 2221 12212 2222122 221.
Ν. 12211 1122122 3726.

N. 1231 222 ΙΝ 1.111’; 11 quod 11211221221122222222 21222111 0212211. epigr. 2. 37.

Ν. 1237 12 7122. 11222. 12222. 2121212222 (1, N. 2591) 22112221, 12 qun 222 12111212
1222212220, 2212 cod. 1022122. 1. 73, 77 122112 211220 12212222 222 2212 22-
22212221.

N. 12181 (1221221 2211112, 2222102211, exemplum aquandum 221; 11121 221111 22·
212211212 2212111 211111122112222121212221212111211, 2222 222222 22212 12 22 12222122,
221212 212 12 1222 1222111222 logi.

N. 1239 11211122 3316.
Ν. 1210, 12 121211212 121212211212 222 2222121.

11. 1211, v. 1 cfflvm1>13 2. 1 1112121212 v. 1 111· . 27777777777777777 22777777
777777777777071777777;Ρ.1ὶι16 mm . 1111 .; 12122222, tneor. 1. mma, 21, xm.
11. 1221, 221. 2 1212122212.

Ν. 1217 12 11122. 02211222. 011111 1212221222121122 1221122, 2222 1212 2 2116112·
212222 2122222222 212 221122 12222212 122211.

N. 12032 21122 11121221 Tibure 21222 2221222 22212212121 221 8122121222 01212 Ti·
2222; qum 12 221112112222 12121122 22122, quum 1222 2222212222 2221221 21122121.
0222122221 12221122 2222221112 12121 quoqne 221ς 21. 2. 1219.

Ν. 12161 12 111222 2221 2222111 cumis 22211212 21222 2221221 2221122111 C·
10210 .02110.111111111Νο, 221222 iam 2221122 112222111 2121212212222 22122212-
2222221; 22 2212122 121122 21212 2221-12222 1222221221 21 . 102 1 8202111 . ALE-
,12112111,1111.11·1.11“1.112.21111121212.11111.11111111211011.21.1112111.
DOMITIVS 221. 02222212 1²¹0 . 21111101 . 1Νο1020 21122212 111222 22222112 21121-
111. 1122211221, Mem. 1. 7221. 22211. 2. 299, 2111211222. 222102. 12211. 22122. 1·
17. 0111 1222.

Ν. 1217 22221112, 2122222 111211 2 1121222212 12221222, 2111222221 22221221 2210·
22112 12212 22122112, 21222. 12 21212212.

 

