VIII. 1166 MILITARIS.

iii

(11111661 6611 uuum 6611666166 6633666661 ii 1111166116. 6 6661166116.)

66666616

66611. 6000.
71116611) ii. 3606.

0616661666 6

61616616 ξ. ἓῖἑπ. 3630.

Quadrimus

1661 11. 6666.
1666111606 Ii. 0671.
vesu 11. 3360. 3600. 66066 61. 3300.

7116666616

1666611616611. 6666.
16611616. 3665.
66161 11. 6665. 6663.
6666611116 3011.

11. 3600. 0600.
Cupido 11. 3360. 6603.
nimii. 3607.

6. 3037. 3615.
66111161 11. 6606.
66166 6· 3610.
66666161 11. 6660.

6. 3016.
111111. 3506. 3606.
Liuor 61161 3611.
11. 6665.
11166161 11. 6660.
1116116111. 3630.

116616. 6. 3631.
11166166 6. 3506.
16616661 11. 6317.
1661116. 3611.

11. 6660.

116. 11. 6667.

116161 6. 3606.

06616166 6000.

Rhinoceros 3611.

6111661161 6611.

611616 3611.

716161 11. 3633.

Triumphus 6. 3010.

016161163600. ·

virius 6. 3610.
1116611 6616ῧῶ 6166611 0666161661 p.
61166611 (Iit

Fidei 16. 3516.
11161666 6

Ammon 3611.

6. 3605.
6166666116 11. 3063.
1111611. 3661.

06661 61. 6661666 3606.
1661111111. 3600. 11100.
Neptunus ii. 3601.
16161111. 3600.
766661 (1) 3637.

Μ

7. 0166616 1611116616.

1116166 6006.

6. 666616616111. u. 16661666161161611.

6. 611611 6666166111166666 1051.

63. 6666. 66666166113700.

6. 1161666666 6665.

6. 1611661, u. 16 661. 661.
11166161 66166666, 6161 1166.
16111661. 6. in 6111.

iiiiii: 166 iu·

16661161. 6. 6611. 616.
16611166. u. 1166.. 161166.. 6611. 616.
16666161. 6. 6611. 661.
1661666161 3630.
6. 6166166616611 imp. 6735.
1666666616661 5150.
1616666116 666166. 6. 1166.. 6611. 61..
1661111 1166.. 61 661161.
611661166. 6 1616616. u. 6611. viu.
1611666161 66666666611611 1666116666
6666366661 3673. 6666. 503026770.
1. 166. 651016.
b· &ue amu

1. 6666611611 000. 1050160617οθ·
1606. 1060. 1063. 6033. 6513.
3515. 5603. 5667. 6503.

1. iug- 166. 6770.

1. 166611 66666166111306.

11. prou. 166. 011166 6100.

u. praetenuia 1166.. 6611. 66.. 6611.
665.. 6611. 616.. 16666166.

1. 16666.. 67001.

661661661111666116166161 6600.

6611. 661. 3576. 7066.

6666161166. 6. 1666. 111611. 6166.
66661166 6601.

66661. u. 1166. 61 6611. 616.
1161166166 1666.

omuibus 6116111 16111166 1666613666.
campiductor, 6. 6611. pr. 61 equ. 1116.
06611661613706. 6606. 6. 1166.
0666116161161, v. 6161661661.
06611166 116511· 3515. 6501.

6. ’11. 06616611 6605.

6. ’11. 06666111 166. 6600.

6. Isau.

Curuururim, 6. 6611. viu.
6661116161. v· 16666616 6111166.

 

