50 IV. RES stetten.

15 501. 1511515 197.
551. 1155155115 9731.
mun. 1551. 3086.
55155. Aquens- 55555. (15515555 115-
5515515 5. t. 5555551551) 9150.

tantan 5555.
15151151· 3835. 5191 (t). 7070.
Camerini 9159.
contentae 5555 3603.

’ 655515555511 1393.
5515515555, 0551556609.
15115155 3081.
1155551151 5150.
Foro Sempronii 1039.
6555555 956. 308.
11155511 3989.
1555550555 1559.
15 5515515 55555151. 1551551151 953.
15 5155 0555515 3870.
15 5511515 8555555555 1018.
8551151 3009.
551. 8555515155515555) 1559.
’1115551 5155555555 3010.
Venafri 6517. ·
Veronae 1998.

1155555 3811.
11. 5555155555 6555511 5098.

11. perpetuus 10. 5. 5.), calamae 6906.
Cirtae 7016.
0515511 5338. 5799. etat (11.
1151550101. ¹
Katareen 1151555 5003.
15555555 Africae 6980.
255555 prope Tanetam 9518.
11. 555551555 5555555511 potestate,
, · 11555511 tunt 555 510515 5551) 908.
11. 5515555555155 (t) 9915.
. 11. teet. 5515. 5555151551. tt), 1515555
unp. 9158 (t).
Ftemtttee 05555551
11. 1115115 ,15551155 3551551519155.
,11555 1917.“
.551. 1551. 3896 55.
1551511 9976.
.. 011115 990855.
1115555 3851.
11. 11555115 1555115511 5071. -
11. 1555515115 Gatarane 9913.
1115555 3819.
11. 15551555 Laurentium Lettnettum
11. 0155115115 1551511 9976.
1155115 11555555 957.
11. ,1155555 5155155 3609.
11. 11515555 51 15115. 1755555. perpe·
1555. Ameriae 9911·
11. 1155151111 11515115115115519919.
11. 11551505 Cularone 1099.
11555511 1109.
11. 1515551 15155115 991055.

11555555 mearum 51155551555551

11. unt 15111 11515155 3900.
1151515555 0958.
Treta· 619.

11. 1555555555 1151550039.
11. 55555. perpetuus 81515 6191 (etant
8555155155 8555555 51 5111). ¹
11. 01555555 555515511551 9993.
11. 1115555555 1555. Cameren 9179.
11. 01555555 51 Aug. 1155555119.
11. 1155555,111555. 51155. necant
165555 5095. ·
11. 155511515155555510931. ,
Ptet'e 613.
1155158750.
Venafri 3196.
11. 1555511 Aeserniae 0077.
1515115091.
155155555 5331.
11555 Aua. 155. 1095.
sauronam· 361.
Falerii 1155517070.
Interamnae 3770.
15 1551155111 5130.
1155155551311. 317. 390.
Pomptina 3895. λ
11. Augus-tt 55555115 ,151511 5091.

11. Aug. tt 8515115060.
11δῶ55. perpetuus Calanae 5009. ¹
11555. patmus 1555515 5555555091.

11. Rornae 511155. Lunae 739.
Ostiae 9901. 7171.
1511151511 6150.

15155511 9183 = 3905.

11. 85555515 1555511155511115811.
Ρ55555515 3871.

11. 11151155. 551. 1555551551551751. ¹
1501555555 519.
Comi 6719.
Deae 155. 3795.
Notae 3130.
15115151 6511.
tramutata. 9301. 9539.
1555 1555515 3881. 7078.
11. 0156555550 5. 5. 1555551111 ξ
11. 11151 Aug. 555551555 15551111
1555. 718.
11. 1155555 5111151055. 1155151111 1007·

. Potentiae 5810.

Veronae? 188.
11. 1155555 51 11151 Atta. 5555511111
1551510170.
11. 05551516555555151 0555. 11150111
11ξῗοἔ5ἑ565ῧ55151 17555. 11155111 5⁹⁰⁶

 

