’ 111 x. 111111111111,1111111,1111111.

111111 1111111111 1111111111 1111111 1111111111011111101111111111111111

0070. Capenae 309⁰=l⁰8⁶.

0111111111 1. 11111111111. collegium 1111111 1111111111111111111
11111111111111111111113111111111. 111111· 80.
7111111 1003. 11111111σο830. 7301.
1111111111 1111111111111 111111 solu 0070. Mediolani 1703. 0137.
1111111111 1111111 1111111111 ll) 3080. (1111111110 111 Piceno) 7031.
ool-Apul. 3300. 38000050. 7013. (011111 1111111111) 3701.
1111111111 3780. 0081. 0083. 111111111111 0133.
11111111 3331 (1). 0138. 81111111 0033.
,11111111 0080. 0008. 8111. 111. 3733.
11111111 3010. 3000. 0000. 1111111111111111111111111111111111111
oolloglum 111111. 11111. 11 8.(1. 11111 11111 3177εὸ113.
11111 011111· 3707. 11111111 13111111 7103.
1111111111 1111111 1111111111 1111111111 111. 1111110111, 7018.
5117· 11111 ugo. 1111111 11101111111111
1111111111 1111111 0111111111 0080. 3111110100.
0111111111111 73. 1111111111111111. 01111111111111111111
Eburi 7105. 111110 3300.
11111111 3383. 11111111 3080.
1111111111 0050. 11111111 1111. 1111. 11111111. 1111111111
1111. 0050. 1111111111 3177.
111. 11111. com· 7013. 111111111111.11111111. 11111111. Apoll
1111111111 7007. 0050.
1111111111 3730. 7177. 1111111111 111111111111 1111111135.
Ρ111111113033. 1111111 11111111 1111111111 111111111111
11111111 3075. 0000. 11111111 1111111 3850.
1111111111 707. 3030.ι 111111111111111111111011171111110375.
8111111 503. 1111111111 1111111111 nomo 01100.
8111111111111113033.53807071. 11111111101111111113111111111 0008.
7100. 111111111111111111 111111110130.
7111111 000311. 11111111 31111111 1111111111 riom
7111111111 3353. 1750.
7111111 0003. 1111111 1111111111 3111111111 00113,
1. 111. 0003. 11111111 1111111111111111111.1111 111.
111 1111111111 1338. ot xlll gom· 0033.
eorpus 1111111 11111111] 0111111111, 1111111111111111111111111113103.
111111 118. C. 11111 11111 3100. 0000001 0010111011 ³2⁹¹·
1111111111111111111111011111111117100. 33001111 0091·
1111111111 1. 1. 3111111111111 losa. 1101111111 lullonum Folorlouo 0050.
11111 11111113111111113110. oolloglum 1111111111 71111111· 500011.
oolleglum 1111111 1111111111 1111111111 111111111111 11111 11111111 111 1111111
oul 1111111111 11 111111111111111 ¹7⁷³·

lug. Pompoloo. 1111111 0085. 1111111111 0111111111 111 111111 7308.

1111111111 1111111 11111111111111 7315. 111111111111111111111101111115771.
1111111111 1111111 1111111111111 ,11111 111111111111111111111111110111110081.

1111. 3155. 1111111111 11111 1111111111 3111111111
11111 1111. 1111. 11111111111 7331. 111111111811111111087.

1111111 1111111 111111111111111111111111 0111111111 1111111 1111111 870. 070. 0100.
1. 1. 11111111111111. 73011. 11111111111111111111111111111111111-
1111111111 1111111 1111111. 011111 830. 11110007.

3317. 0037. 0530. 7300, 11101111 0111111(1)Ρ1111111 0003.
11111 1111111111 1111111 0180. 11111101111111111111111 1111111111 3303.
11111 01111111 qul 11118111111111111 (1111111111 11111, 111111111111111·

1111111111 5310. 111111111111111111111 1111 1111111.)

1111111111 1111111 1111111111111, qulbus oolloglum 111111111311111117313.
11 8. C. 11111 1111111111 111 To- 001111111 11111111 0070.
111111 0705. 1101111111 lloroulls, 11101111 11111110
1111111111 1111. 1111111. 7111111111 0008. 1111111111· 0010.
1. 1111. 00. 3301311035. os. 11111111.

 

