¹² Π. 66066166101.

1111111 1156. 1161.
61111111 1661.
(111111 1165. 6676. 7666.
6111111111 6616.
61111111 5116.
6111111111 6111111111 166.
6111116651.
611111111 1111116666.
1116111116.
611111111111 1111111166.
6161111611 1111111111 6661.
Hadrumetum 67611
6. 111. 6111111111 61111 1111111111·
111116111111116656. 6666.
611111, 1116111666616611111111.
6111115161.
61111 5116.
Heliopolis 5661.
Hellespontus 1661. 6651.
611. 611111 1111111 1. 1111111.
61111111 176. 616. 666. 661.177.176.
176166. 7175.

111111111 6111111111616. 611 (1).

1111111611111. 666.

1111111 1111111111 111111111111 611.
· 161; 11. 1111111111.

6111111111 5116.
6111111 5667.

61111111. 6617.
6111111111 71.
611111116111111 5166.
6111111111111 5161.

611111111111111 11111 11111111 6661.
6111111111, 6111111111111111 6766.
vt· 61111111 1666.
vtem 611111117161.

611111111 5616.
61111, 1111111 5116.
6111111111 11111 66.
6111111111111 667.
61111111111 756.

611111111111111 5661.

6111111111 1665; 1. 1111111111.
611111111111 11111 6161.
61111111111 15611.

1111111 1111111 5171.
6111111111. 61111. 11. Aug. 5116.
61111111 165. 616. 6115.

6111111111 1651. 6171.

tt. 111. 11111. 661711.

6161111111766165661166516666.

5116. 6766. 6666. 6611. 6615. 7151.

11. 111. 6111111111111 6166.

1111111111 1111111111 6111. 111. 6661.

6. 1111 11111111611111111116611.

11. 6111111 6676. uoto-:Am

6. 1111111161111116166; 11. 6111111.

6111111 6667. 1716. 5617. 5116. 5116.

5166. 5111. 5116. 5155. 6511.
6761. 6761. 6651.

611111115155.
6. 6111111111 tt) 66561.
6111111111 66. 61. 5566 66561.
1111111111111111116665.
(6. t 61111 111111 1111111111.
111111 1116111 611111 61111111
6176116666.
611116111166. 66.”
6111111111 1651.
611111111111 11611. 6666. 6161
61111166.16561165616167611661.
1171 tu 6177· 11. 11111111.
611111 6666. 6116.
611111111111, 1111116661.
6111111111166. 1576.
61111111 667.
11111 Augustus 111 111 td 6111111 5161.
11111115177.
1111111111 6665.
1111111111 16111.
11111111 167.
111111111 5611.
11111111 616.
11111111 1661.
1111111 tu· 6717.

. ltdttttt 5616.

6111111111 676.

1111111111 111 1111111111655.

11111111 6766.

Portus 1111111111 6561.

1611111111 6766.

Illyricum 611. 1166. 1651. 1665. 6666
6116. 6155. 661711. 1661. 5166.
5167 5566. 6116. 6716.

rognum 1. 6656 (1).

1111111111111 666.

111111111 6561.

11111 6667.

1111111111111 61. 66.

1111111111 1111111111656.

1111111111 1656.·

1111111111 (1111111111.

1111111 111111111111 6776.
111111111111 1111111111 1616.
1111111111111 66.· 1615.

1111111111116111111111657. 6616. 6517.

111111111111 166.

1 11111111111161111111111 117. 6661.

111111111111111611.
11111111111111 16111.
1111111111 1111111111 11111111 11111111·

11111 151.
1111111111111 11111111.
11651111 5116.

11111111 11111 6111.

11111 resto 5165.

111111 1111111111 6766.
1111111 767.
111116111111111 5165. 5666.
1111 1111111 5166.

11111111 76.

 

