,18

111111111111111116567. ”
111. 8111111111111111111 5868. 6651.

111.11111118.566.· 761. 816. 6667.
111. 611117111111 111. 11111118.
861. 876. 6111. 5176.

111111 7111111 8. 6661.

111. 611111 1161.

11171111118111611111111111115686.
811116. 6716.

8111111 6686.

81111111116666. 1661. 5161.

81111115616.
81111111111. 5156.
8111111566. 57766681. 6761.
81111111 8. 6681.
81111111111 111111 1786.
8111111111 666.
8111611111, 11111111118111111 eug.
81111111, 1111111111 81111111 - 5666.
8111111111 1111111 6666.
811111111, 111. 1111111111111111 111.
81161111 6711.
81111, 111. 11111 1766.
81161111 15611.
8111111756.

81111111 ordines 5686.

8111111111 5616.
8111116. 1666.
(1111111 81111. 6868.
8111111618.

8111111 5666.

81111111 1716.

81111111 8166.

8111111111 6616.

8111111 (81111111) 666.
Segusini 5616. 5617. 5618.
81111111 666.

111. 8111111111 1666.
seguine 5616. 5666.
Segustero 5616.
8111111761.

8111111611 5616.
811111111161. 1616.
8111111111 1666761. 5177.
8111111111 87.

811111111111 1666.
8111111181. 666. 1618. 5886. 6766.
811111111111 6518. 5666.

8111111 5616.

8111611 1776.

8111111111111 6616·

1111611116. 5666.

8111111611 6788.

81116111 1111111 1811.

81111111111 6616.

811111111 6766. 6768. ,

8111111 liei. 6111. 11. 8111. 616. 1188.
6177. 6176. 6181. 6668. 6676. 6716.

11. Geociiiiifflce.

6766.5161.5567.5566.5661.6156.
6161. 6566. 6567. 6561. 6667.
811111 Agrigentini 5166.
811111 6. 86611.
81116111 5618. 5661.
81111 5861.
8111116866.
81111111 5187.
111. 811111111 6667.
811111 regie 155611.
81111111 1656. 7617.

111. 811111 8. 6617.

111111. 8111111111 5686.
811111561. 565. 1666. 67661.

1111111 811111 5686.

811111 8. 6766. 6675.

111. 8111111181111111111111 1666.
8111111111 111111 1666 = 6816.
8111111111, 1111111 1111111111 ing. 1111-

uene 1111111111 8. 5665. 5116Ι

111 1111. 8161111111 Neminem

1111111111111 5565.
8111111 1616.

Solicinium 556711.

’ 811111111 5161.

81111, 611111 - 6676. 8677. 6678.
5666. 5661.

811111 5156. 5151.
81116676. 7681.
811111 6658.
8111111111, 811111111116766.
8. 111111 6766.
8111111111111 111 1. 566.
8111111111 6686· 8665.
81111611 66· 1166. 1166.
811111111 11111 1166.
81111111 6186 = 1668.
81111111 5686.
81111 6688. 1756.
81611111.. 111 pubi. 1111 (1) 5666.
81111 5616.
8161111111 1111. 6611.

811111 1617.

111. 1111181111 111111118. 5156.

Euganei 166. 667. 161611. 6681.

8611111 6656.
81111111 6666 = iiiiii.
8111111111 166. 6666.
81111111 67861.
8611111111 5666.
8111111111 7171.
Sumgieucsseueeneie 1111111. 111 111116
811111 5155.
Superaequum 616. 1856. 6166.
8111111111 8716. 5581.

8111111111, 1. 86111111111.
81111 e. 81111.
8111111 566.

8111111 6668.

 

