100 VIII. RES MILITARIS.

11111 1 0111111111 1011. 11101111 1001.

111111 1111111 111. 11101101. 0101. Ιμίἶῗξῶιῗῗιωὰπε.
1111. 1101. 1111. 1111. 1111. 111111111011.1111.1111.0111.1110.
1101. 0101. 1111. 0110. 1311111111ηὲ ὅ141111.

1111101 505. 022. 1707. 0021. 0100.
101101 0111111111 505. 020. 0100. 2058. 5000. 5000. 5070. 5070. 0500. 0007.
2070. 0000. 0100. 0008. 0000. 11100001 mumius 0008.
0051. 0070. 0010. 5000. 5070. 11100001 0100. 0050. 0070. 0000. 0010.
5070. 0000. 0500. 0007. 0710. 0710. 0015.
0750. 0707. 0850. 0015. 111011111οε 505.
0110110010000. 010101101000. 0750. 0850.
011011111 111 0111111 1707. 1000. 2001. 001101. 111111 0707.

101. 1111111 1111. 101011 0070·

0055. 5000. 001110111101 0080.
0110011110010111111 0082. 1011101111 0070.
000100111101 0707.

11101. 0080.

111111111111111111 1111. 11111111 111111· 1111·
111. 110111011111 corr. 101. 1. 1111101 0050. -
11110 11. 00101. 0001.

01110 11055. 1000. 0050. 0757. 0001. 1110. 055. 0058. 0757.
1011011 10101. 70011. 1000. 1058. ’ Μὴ. m· ¹⁰35·

1110111111110111101ῑ 1111 1111111110.11011..

101317 1719170101 01οζ 1111. 1100. {gfflffissussssfss ’11131Ἣρ

117181ιῖ81ῗὲ 61700111 00100101111 0100. 2ξ11ἶῗ11ο101111ἓ71ξξ111 3181·

’70701 gaggan mm mmmm 1100101111001112100.
11111.11111111111111111111111111.- 11111 1111·

101101111111. 100.1 1110. 100·

1 1011101 0000. 0700.
11101. 010. 050511. 5000. 0700.

legal} 111110111 100511. 0000. 00003

1111. 11111111, 1111. 0011ε1111. Ὺ

11110 1110010111 000. 500. 700. 018. 69³7.
1³55· 10⁸⁰· ³⁰³⁰· ³³⁰⁸· ⁸³⁰⁹· trecenarius 0050.

3101· 1515 w· 0111111111· 11111111 1111. 1101. 1111. 1010. 1111. ¹

5000. 0000. 0700. 0010. 0050. 0037. mn· Itum. 1111,

1101011111 0010.
1 000011 vu 0700.

1111011 (1011100 0700. 0100000700.

1111111 1111111 1111· 1111. 1000. 1111117110·

0000· 0715· 1111. 1111·
1111101 111 00011170. „dmm 1103,

111011 0111111111 1111. {Ithchnaff'w ³³⁹¹·

1111101 (1001010011 0000.
11110 11 10100010 001111.
³ 1110. 111. 5001.

111101101110101 0000. 0300. 5031. Μὴ. 3920·

⁶⁹⁹⁰· Μ’ 101. 0011. 00. 7010.
1011011010οι 000101 7100. 1110. 1011. 7100.

 

