NOTAE.

Ν- 111111, 6111116611161.
Ν 161616 6606.
1166611161 56 1166111111.

Ν- 6661116 6611111.

Ν 66161111 6666.

Ν 16611161 206. 1627611.
N 6661161 2676.

ΝΑ 6111661 5236.

16661611 611111161111 6120.

mom 116616111 3633.

Ν111 1 1111, 6561111.

NAVT 61611 3621 111.

Ν. 11. A. N. 11011 6611661 11111166
116161 6111 6161116610.

Ν.11.Ν 666161 616161 611111 2626.

NEG 6161111111 7151111.

61111 61616161 2032 111.

Ν61 616616111161.

Ν111 61616661 3617.

Ν.6.1.11.11630.

Ν.11.3.0666161116111616116111-

161 1050.
Ν.1.1.Ν.3.Ν.6 6161611 1111.
666 16611 666 1616 7367.
Ν.1.16 666 11111 6556.
Ν. 11 66611161 11611616 1601.
6111 nobilis 1611661111 111 1063.
NN 6611116611161.
ΝΝ1111 661111111611 3120.
601111. 1161133 6616111116131111111 661
1037. 1073111.
NON! 6616111 1362.
ΝΟΝΑΕΕΝ 6661616111613623.
NOV Ν61161 6217.
NP 6111116161161 111. 11, 6. 36211

Ν . 11 61611 61161611616110111.

Ν. 3 6616161 166 6121.

Ν. 3. 3. 1.11 numen 11611661 36111
1611111 11111111 60621.

Ν. V 611161111661 111 5567.

11311 nummum 61 111.
NV! 61011616 66616 666161 Aug.
Nvflffin'umerm 6111111. ⁸

011612556.

OB 61111 6611611.

06 . 11 .11.11· 61 11161616 1611111116
111116111116611635. 5663.

011.11.6 61 1611111, 6161111161 1161
336356106.

011 16116 111611111 6731.

00 66111 161611611111 3671.

061· 611161611161 3623.

‚ 0.11.3 . (M) 6111 11611161 661111111
1666111 6133.

01 6161161662.

011 1 5610. 5511.

011, offic 6161161161 3227.

Ἰ 111

011 .11.1’1“ 61611661 111116111661 3627.
0 113 6111 111 1111 3373.

011 116611 6061.

0 1110 1111 111161 11616611111616663.

01. 1111 2666111.
01. . 11.3. D 611161 61161616116237.

0. N .1 16161661 6661161 1161666661
01 44165661

016 1 1116111

ἕξω 1 111611111 67Μο

3¹¹: (ω 1 11111111

0130 1 16161111

0111. 061111 111. 11, 6. 606.

0.1.11 111161 1611161 1116111 6653.

01. 110 1661 6611111 3126.

01.1101. 6661 6111111 356. 6336.

0116 0611661111 161. 11, 6. 336.

011 66116 3671. 6731.

01111166611161116 ξ ⁶79¹ ¹

OPTC 1 11111111 ’

017 PR 66111 611611611 6776.

0111) 11616111616111161.

0116 1161161 6111161.

0116 . 11113 . 1106 6161161161 6116111·
6111161 1116611161 3766.

0163611. 11613161166161661 1026.

0 . T . B .0 6111 1111 1161 1161111161

6. 1476516111. 161115. 1611. 1111.

0. V . 1 1111661 61 11111111 3700 111.
0.1.1, 011 061161161 111161 6611161.

P (16) 61116232.

1 61113331.

1 611112363. 3335.

‘f 1 2636.

P 61111661 2173111.

1 611161. 616116611116.

P 6111 3225. 3652.

1 6161, 6116611161.

1 66666 25. 366. 6362111.
1 66661616111111.

P 6616116111, 6616116111111.
1 611111116116366.

P 61111161616756.

1 6611161611 (11616) 161 111.
P 1611161 66111111.
16611111. 6616161, 66111616611111.
16 6111616063.

1..1 611116111 6111115323. 6630.
11 611116661.

Pac 11661616213.

111. 11111161 111161 6611116.
1111 1161111 111161 6111111.
1111 61116111 6737.

PAR 61111 (1116111.) 3530.

 

