i 11. GiiOGiiAPiiici.

11111, eoi. 11111 1111115057.

1111111111 6161.

1111111111 5166.

1111111 6111.

116111 16111. 566. 601. 1171. 1165.
1661.16516116.6116.6177.6616.”
61561670. 6100. 6416. 6010. 6451.
6166. 6610. 6016. 7110.

11111111616. ,

1111111111 5616.

1111111007.

11111111 5016.

1111111111 11111111116561.

1111111 1111111111. 1111111111111
6106. 5010 = 7061.

1111111111 11 1111111 6661.

1111111111 6166.

1161111111 111111111116111 Pinia- 6156.

1111111165. 165. 106. 6016. 6116. 6666.

1111111667. ¹

1111111111) 1661.

1111111111 660111.

11111111 66. 1066. 6161. 6651. 6600.

6616. 6611. 6616. 6647. 66561.
111111111 6676. 6606.

11111 1111111 6706.

1111111 111. 1111111111406.

1111111. 11111 1161. 6640. 6606. 6161.

1. 111 6656. 5116. 6116. 6161. 6461.
11111111, 11111 - 6661.
11111111. eoi. - 1041.

11111111. eoi. 501.

1111111 6561.

1111111111 5466.

11111511.

11111111111 5166.

11111. 11111111. 6661 11.

Aesernini 1606.

11111 6000. 6000.

11161111111111 6606.

1111111566. .

1111111111, 1111101111 66661 11111
1111111111, iia.

16111611. 61. m. 11111. 517. 566. 616.
776. 671. 1056. 1160. 1161. 1170.
1166. 1104. 1751160016671660.
1677.1750.1760. 0011. 6056. 6066.
6161. 6164. 6165. 656654051.
06666661. 6676. 6761. 1061. 4064.
6016. 6171. 5150. 5501. 6667. 5666.
5566. 5605. 5666. 6007. 6011. 1010.
6051. 6151. 6171. 6101. 6166. 6461.
61651167. 6166. 6501. 6616. 6616.
6660. 6701. 6611. 6616. 6661.

11111776. 6665. 1166. 6660.

iimina 6661.

11111111 11111 5165.

Agrigentini 161.

1111111111111 eoi. 1106. 6661·

1111111111111 6151 6661.
1161111111, municipium 111111- 6771.
11111111 6161611111 iiiiii.

111111. 1111111 6671.

111011 6110.

1111116111·

11111111 5110.

1161 (11111) 5615.

116111 iiii. 61. 1. 1111111.

11611111 6116.

1111111111 1116.

1161111111 11111 1766.

1161 Pompei· 5105.

116111 Pompeiani 1170.

1161111 monn 1147.” 6016.

116111111111 6661.

11611111, 1111111 - 1661.

11611111 6065. 1166. 7007.
1111111111, 111111 160.

110111111111 1111161111 5055.

Alburnum 111111011111) 6067.

111111551.

11111111 111116061.

11111111 6766.

1111111111 6156. 66051166. 6166. 6115.
6516. 6061. 6616. 6660. 7170. iiiii.
111111. m. 111. 6116. 11. hinnio.

1111116111 1161 1160.

1111111111116576. 1501. 6605. 6616.

6667. 6601.

1111111.11111111111111111111111-6111.

1111111111 6516.

11111 6145.

1111111. 116. 6101. 6667. 7111.
11111111 160. 5167.

1111611111 601*

1111111111 1011.

11111 1166. 6601.
1111101111,111111111116666.6660.
1. 611111111156. 6111111 66661.
A. 1111111111 11116061101011116·
i. 611111116666.

111111 1111111616.

Amnis ὅθι 54301 ω’· Μωο mm·

6571.

1111111611. [1111111111111111. ik]

1111116146.

11011111 111 1161. 6116.

11111 111111111 iiii.

Alticienses iiiiii! 160.

11111111 616.

10111111 (1) 6061.

111. 1111111. 1061.

111111, 0111116660.

11611111 166. 6616.

11161111 1611.

11611111. 6615.

Ambrussum 6110.

1111111111 minor, 11111- 6164.

 

