11. uuouRaPiiicA.

1111105111 5. 5121.

1101011011101 1111111 5115.

51111 15 0510115551]

11011111111 51111101115511.

1011011 1215. 1757. 5551. 1112. 1151.

101. 511111 51001115. 5515. 5551.
5515. 5515.

1111111 1111001111 5175.

101. Puteolana 1155.

101. Puteolanorum 1511. 5515.

111 0. Puteolanorum 7551.

Puteolani 155. 5251211. 1511. 2511.
2715. 5551. 1111. 1111. 5515. 7151.

1111101101 5115.

1101110111 5515.

1111511111 515.

51151111 5115.

0011011111 (1) 5155.

5111101 171. 155Ι 155. 5555.

51111 (551111) iii: 155. 11110. 112.
515. 515. 755. 5555. 5575. 1155.
5115. 5125. 5155. 5171. 5515.
5111. 5515 (1).

R. Vindollol 11151101111115151.
51111 11110501 115.

Raetinium 5275.

51115215.

511115251.

51111111 5751.

0011110115. 1111011111101110115255.

5111111 5715. 5711.

mun. 511101. 5151.
511111111171. 1155.
5111011110101 5511.

5111111 5555. 5715.

5111111 151515.

51110 5555- 5751. 5155.

5151111 517111. 5151101.

501111111 5551.

51111115555.

51111111 5751.
Regini 1011101015555. 5155. 7517.
55101111 15510.
Regium 51015115155.5215.
Romi 1515.
0111111 Romi 1015111115511.
1. Rumor. 10151111. 5111.
5111 1155. 1177.

5111111 5557.

551011 5. 151.

5511011 1111.

550511111515. 1115. 5155. 5155.

550101111, 50101111 755. 555.

511111. 101. 511111515.

5151ὶὶ301 1111110111 551. 51751 0.

1101.

5110111115115. 5255.

Romanoa 01101 5551.

Romula. iulia - 1215.
Romulea, 1051 - 7277.

Collati. 1111111011. Ioulia· 101. 111.

5011110111 5721. 5255.

5. 51111101115512.

50151111 5155.

Rudini 151. 5555.

5111100 5215.

5010οὲ111οι11, 501011100511010011521.

51110151 5711 a¹

001. 1100111 1111111511 Aua. 5525.

Via 1011 5051151115 5511.
5110111111. Pa· 10. 101.

Sabini 555. 551. 5551.

(50511 11011) 5751.

Via 51011 50111111 1555.

5110111111 0101155111.

5110111111 155. 115. 5515. 5775. 5572.
5551. 5555.

51111511 5215.

511111111 5115.

51111111 5155.

510111111 5115.

51111110111 1755. 1115.

Via 5111111 1152. 5557. 1555. 5175.
5155. 5511. 7125.

5111111111 15500.

Salernum 5155.

5111011155.

511. (5150110111 1) 2555.

5111101101 155.·

5111105111) provincia 1111.1

511111111 5157.

Salodurum 11011 152.

511001, 5110010 551. 1751.1 1115. 5257.
5275. 7155.

101. 5110111101551. 7552.

101. 5111111 11111 5. 2115.
solomanum. 1011115111111155157121.
1151001110.

515 uallum, 111110 5215.

511111 5011101111 5557.

511101 5115011011 5515.

salutaria 01011 5551. ,

5111111111 110111 1175.

5111115511 5155.

5111111555. 5151· 5155.

11111111 551. 51510. 5171. 5111.
51101111 1557.

5101151151.

sarculum 1217.

51151111 757. 5217.

51151511 gana 5517.

5115101171. 15510. 2577. 1752. 5115.
5111. 5151. 5115. 5115. 5111. 5555.
5557. 5551. 5152. 5115.

51151 2552. 5555. 5511. 5511. 5511.
511101515155.

511101111 755.

51111111115111 (11111110115111) 57111.
0015111 5511 01. cominando.

1010111 5. 1551. 5551. 7512.

101. 5. 11011000515155. 5151.

5

 

