88 ΙΠ. DII. DEAE. Mannououlca VARIA.

11111 8. 878. 1811. 1715. 8487. 8895.
8111 8. 8111111111 11) 7418.
1111118. 5741.

81111811111111 111111 81111115715.
8111111 1111 S. 4188.
Νυ11118111111 1594.

8. Aug. 1598. 8588. 8855- 7194.

8. Aurelianus 8588.

S. 1111111111179. 1811.

8. (111111111111115710.

8111111 8. 81111111115741.

s. 8111111111 1800.

s. 11111111111 5718.

8. 11111111111 Larum Penatium (1)

1589.
s. 111111 1811. 5748.
8. 1111111111111808.
8. 11111111111 1801. 4980. 5718,
8. 111111115747.
8. 7111111111 5748.
8. 11111111 1808. 5719.
8. Lar 11111111 1801.
8. 1111111111 1808·
8. 1111111111 1807.
8111111 8. 711111118118.
8. 1111111 1111111111111, 111111111,

11111111, 111111111, 11111111,11111-

81111, 1111111 1814·
Danu S. ponens 1811.
8. 1111 111111111108.
81111111 8. 11111111115758.
S. 1111111111809.

Sanctus S. 111111111 1598 = 8518.

81111118 888. 1590. 1591. 1598.
1888. 8801. 8888. 1989. 4958.

4957. 5758. 8917.
8. 11111111111118598.
S. 1111111111810. 4990. 5758.
8. 81111111 1105.

11111 111111118. 811111111174111.
811 111111 1111 (11111111, 11111111)
8. 11111111 5778.

8. 1111111 11. 8111. annu. na. 111
8. iunctus 111. 1. 1111111111.

8. 1111111 1888. 4984.

8. sanctissimus 1984. 1888.

811 8111111 1898.

811, una 1111111111, 111 11111111·

11111 11 4791 ; 11. 4798.

811111111 8050.

&mmffiw

8111111111 5918.

8111 11. 8111. 111111. 11. 811. 1758.
188511. 1818. 8198. 88881451.
5888. 8859.

8. 81111111 1888. 1888. 8445.

81111 muter 1888. 5884. 5885.

81. Aug. 1111114938.
81. 111111 Aug· 1885. 18871888.
81. 811111115.

Slffssssa V· Du SR·

81117855.

81111111 8099. 8100. 8101.

8111111 (11111111118051.

81111, 111 ·- (11111111) 8058. (0111.

, 11111 8111111111) 5914.

Summanus 11. amat. 1111. Vanus. n·
11111 1188. 48108

8 11111981.

811111, 1. 1111111111.

8111111 188411.

8111111111 mannua 5915.

811111111111111, 1. 11118.

Syria, 1. 1118.

71111111 8058.’

71111111, 1. 11111111 T.

7111111111 8055.

7111111111 8058. 8057.

8. 711111, 711111 (1111 71111, 71111 71111117858.

naman 111111 1111111, 1111111111]
111111) 5754.

8. 8111111111 1811.
811111111111111111111,11111 - 8048.
8111111111 7418. 7417.

811111 8047. 8048- 8049.

11118. 5918.

811111 88001. 8047.

8111111, 8111111, 1. 11111.

811 88. 80. 881. 1890. 1891. 1898.
1898. 1988. 1987. 1988. 8851.
8598. 3181. 8185. 1088. 5059.
5858. 5858. 8881.

Deua 8. 1191. 1985. 8855. 8885.

8805. 8154.

’8. 11111111918. 1988.

8. 11111111111940. 8181.
8. 111111511115514. 5515.
Baua S. 81111111. 1910.
11. 8. 11111111111111 1941.

Tartareum 1111111111 1174
711111 1998.

711111, 111 - 1505.

Τ. 111111115788.

T. (111111 Aug. 5844.
711111111111 558.
7111111111111. 5073.
Terra 111111 1508. 1504. 888511. 5780.
7111111111 5. 1848.

111111 T. 4940.

T. 111111054.
Tagum 8858.
7111111 1974·
711111111111, 1. 1111111117.
Touana 187811.
Tauranus, 1. 1111111111 ’1.
711111111. 1. Apono 7.
7111111111111 1889.
7111 1111, 1. 1111.

 

