vn. RES PVBLICA ROMANORVM. 113

1111111111 111 1111111111 11 1111111111 01111111111111111111111118111111111-
3044. 6481. 111111 11111111 3141.

111 1111111111 1377ε1701. 8111. 11111111 1111111111 1181.

1111111 11 0111111111 1178. 1111111111 13111.1003.1181.1184.

11161111111111,1.111111111, 11111- 1111· 11111. 1170. 1175. 1111.
11116745. , 3713. 1710. 5533. 1481. 0507.

1111111111 6111111111 317111. 1511· 1511. 1110. 0111.

1111111111 1111. 1111 1111111. empnam 1111111111 1001·

11111111111111111111111111111. 1111111111 111. 1. 1111111 1111111111.
3851. 0487. 7410. 11111111 11711111111671.

11 1111111 111 1111011111 11 1111- 1011115111 1151.
1111111, Picenum 1171, 1111111111 1351. 1880.

nulnum reguum 1111111111. 11111111111111111111 1111111111111
1111111 1485. 1111111013.

11111111 7111111111113143. Plau! 1171.

11111111 11 1111111 1111. 611111 10111 111111111111110.
Alexandro Aug. 11 {us 11111- 811111841188. 1181. 3181. ³185. ³6⁷2.

11111 1111111111111711111111· 5011. 5511· 1507.
nm 11111. ’1111111111 11 Umbriae 3048.

11111111 1111111111111111111111111111111 ν1011111 11 11101111 11.
11117. mm 11. 1118. 611111111111111111111 11111111111111111-
Legna· 111. 111111111111111111111111· 11111 commum 1501. 1501.

1111111 6481. 61111111 1111111111 Campanae 3170. ·

1111111111 11111111111111111111 1178. -—
11111. 111. ’1111111111111 6400. 1111111111
His 111111111111111111111411111111111.ι Nomine 1111111111 1111111111 1111111, qun·
1111111111 nemu 6014. , 1111111111 prauum: cf. 181 (111.
11111111111 6814. 6115. 61111111101,); 101 (procos. 1111.
1110111.); 905 (111. 11111. 11. pr.
11111111 11111111. Syriae 11111111.)
commu 6413· (1111111111111111 3654 (111.

111111111111111111 11 1111111111 1087. mm· 11111 ⁶⁷25 (111· 311100·

223⁶. 1111. 1111. 1111. 11111. ssefflaffitssssosswnffissmffi

11111111111111111111111111111. gssggffmuwwwwwvfflm·'
1181. 11919, 11111111111111 carmus

1111111111111111111113.11113171, ’ (11. 1111111111, ΑΜ, M ¹353.
1111. 1111. n· 101. 111.).

1111111111 1111111 00. ⁸· mma„ „m omum:
1111111 711111111111 1114.

11111111 “Brittiorum 1074. 1187. Pmm Ρ10111111111001110101 1111.
811111111171. 11111. 1111111111 3071.

111111111111111 ¹3:31: 1111113131111

7111111111 11111111111 1010. 1185. ἷζὶἶέοξῗξθ1111 1111· 11711317.
1111. 1111, 1111 (1), 1 111111111111 1.

1111111111 11111111 3165. W· 51111111ῧὸ17·

....... mo 311111 Coele 10.

(1111111111 (1101010111) 1115. 1. 111111111111111111111111111

--- 111111111111111 0111111111 60381.
1111. 11111111111051.
Consum.- Lunnnm 3784.

1111111 consulam 11111. 1111111111 ap· 1111.1111111111111611111111155715578.
1111111111 1111141111, 1. 1. 11111111 (1111. 111111113801.

Britanniae 6701. 11111111111111111111111014.5850.
1111111111111111, 11111111, 11111 71· 6110.

11111 111. v. 1111111111. 111111111111111 1411. 5511. 5113. 1111.

11 111 1111111 1111111 1111111111 111111 1111111111 constan quum 1111 Pannoniae 1ο-
1111111111111111 1111111 11111111, 11111111111111111111 clarissimos 1111111111 111.

111111 11111111. 11111.111. 111. h

 

