11 , 111. nn. nm. 9119010111111111.

9111911111, 1111- 1979. 911111,1. 11111111.

9111111 1959. 9111119191 119.

1111111119. 1979. 9191. 911111, 111 -1979.

91111191. 111 - 1979. 9111111111. 11111. 11.111.1591.1595
911111 999. 9191. 9195. 1111. 1519. 1597. 1519. 1599. 1579.

91111111) 5997. 1993. 9113. 9111. 1195. 5985. ,

9111 111 1519. 1519. 1511. 1515. 1517. 5791. 5155. 1199. 7919.
1599. 9979. 1911. 5795, 91111111 1995. 5999. 5795.

9. 1. 1111599. 9111111,11111- 1999.

11111111. 1. 1591. ’ 9111111111111999-

9. 1. 11111111111111519. 911111 (1) 5919. 5951.

9. 1. 1111111191 1519. 9111 9. 1919.

1111111 9111 111 9111111 1591. 5719. 91111111111 (1) 9919. 9911. 5959. 5959.

9. 1. 111111 1519. 9111 9. p· 5919.

9. 1. 1111911111 1111111111599. 9. 1. 111. 5959.

9. 1. 911111 1599. 9111 1111111111111111 9. 9· 5⁸⁵³·

9. 1. 11111111119119111519.1595. 9111111111. (1) 1991.

1999. 911111 111. 1989.
9111 11111, 1. 11111. 9. 111111 5991.
9111 111111 151911. 911111111 ΚΕΡΒΕΡΟΣ mm 1175.
91111 1111111, 1. 9111111. 11111119. 1999.·

91111 1111, 1. 1111111111. 911111111111119111 1115719111.
1111111111 1111 59991. 111111 11111 111119571919111
911111 5915, 111.

9111111111 911111111 911111 1971. 91111 1111. 11111. m· 111. 19111111.
91111, 1. 111111. oet. 5191111. 119911. 1999.· 1719.
91111111,1. 11111. 919791999199.919195999919.
9111, 1. 11111111. 9999. 9999. 9999. 1911,1. 5599.
91111191. 111 - 5991. 5711. 5715. 5719. 5999. 5991. 9115·

1111119111. 9999. c. Aug. 1199.

911111111, 1. 11111. 9. 1111111 11111111111191111111119
Britanniae 1111111111, 1. 11111111. 111111 111 91111111 Aug. 119.
9111111, 1. 1111111. 9. 11111111) 1111111 11111111 5717.
9111111111 1111 1975. 9. 11111911 1191.

911111. 111 - 9991. c. 1111111 1111111195.

91111111 1199. 9. 91111111 1111111119111111191111
9111111, bonus 1111 - 19791111. 111111111111199.”

9111115999. 9. 1111111111) 9199.
911111115999. 9. 111111 11111111 11119111 1191·
9111111, 1. 11111111. 9111111 119711.

911111111, 111 - 1919. 9. 1111911111 7995.

111 111111 9. 5959. ’111111 911111111191111111111191,

9. Augusta 1911. 1. 991.

9. 91111 111. 1115. 1119. 91111111 1199.

9111111 9. 5919. 1111119999 999110909θῖ 9199.

1111111 9. 9111111911. 9111111111999.

911111111, 91111111111, 1. 11111111. 91111111, 1111 - 1979.

’ 911111111111111599. 1599. 911111111997.

911111911979· ΧΑΡΩΝ . nomm - 1175.

91111 111 5991. 9111111 1919.

911111, 1191111111111111111111119 9111111191. mh 919 1111111111 11111
1111111 5199. 11111111997.

91111111 5. 91111 1111911111 1919.

91111111 9795. 911111111, 1. 1111111111.

9111111111 1959. 1791. 9191. 9199. 9111111111,1.11111111.
5919. 911111 1911.

911111115919. 91111111. 1111 - 1999. 5997.
91111111, 1. 11111. 9. 11111111999. 5999.

911111, 1111 ·· 5995. 9111 11111 9., 1. 11111.
9111111111 1111111. Pr. 11. 111. 9111111111991.

91111, 1. 9111111111. 1119. m. 111. 911111111111111119999.

 

