171. RES MVNICIPALIS. 105

’111111111111 1111111111 3111138113.1
311111110111111103. .
7111111 Brixianorum 5857.

1. 111111111111111 03781 1011111111
privata.

ψ-

sami 3807. 3370.

Taranta· 1003 sp· ,

Any. 7111111. 7033.

11111 108.

Venafri 3337. 0531.

Vibone 3703. Ι
711111110133. 0383.

1. 1111· 5800.

5· ’1333118111 ο11111131 07111311 11311111111111111131111113318.

0011111111.

7083.

1131111111 1111111 3710.

1111113101. 7111.
1. p. 1111111111 0113.
111. 111 0380.

Capuae maximus 3038 sp.

11111111111111111111. 11, p· 1973 11· 1111111 10 11111111 11 (111. 11111111. Τι’·
11118111111117111111111111111111 011111

ι. 311111. 111111 1111. 1111.

· 111111115101.

001. 8001313111 1385. 1898. 30¹6. 1, ⁰⁰11! Petelia! 3078.

111. 11111111) 3331.

11111111 1078. 5185.

Auximi 3003.

Baccanae· 5108.

Bovillis 3030.

Brundisi: 1501. “

1111111111 0111111111 3787.

01111111 130. 0151.

Calibus 0383.

Capones 3030 = 1080.

Capuan 7030· 7117·

1111111111 111. 11111. 3075.

0111111 (1111111111) 1001.

campanariae 3118.

Gumis 0133.

Eburi 7115.

Formis 7313.

8111111111 010. 3705.

0111111111· 3710.

31111111 0381.

0111111111· 1077.

Miseni 0111.

Neapoli 1301.

1111111 3331.

1111113101. 3813.

Norat 7113.

1111111111 7031.

31111111 1181111111 318331308.

011111 3300. 7011.

11111111 3111.

11111311 3077. 3078. 3333.

8111111111111111 1111 111111 Μ-
bandus 111 1131.

Pompeiis 1011.

1111111111 0033.

11111111 087. 3757. 1351. 0100.
0031. 7033.

1111011 5538.

1110111 131 = 3858.

8111111111 0770. 0010. 0008.

Salerni 1031. 7013.

11101111118111111111111111001.

111. 8111111 5383.

8111111111 3733.

811111 1111111111 1. 7080.
81111 Augustulum 010111 3711.

Lmssffi

81111 1111111111 11 patronus 111111.
11111111. 333111.
1. Aug. 111111111111111117037. ,

111. 111111. 1 3313.

11111111. 1100.

11 11111111 111111 1111 313111 11·
11111 ,1111111 315311.

Ameriae 2211:

“ 1111111111 0331.

111. 1111131111111111111 303.

1011111181. 3110. 3331.

1111111781.

Aventius· 373. 373. 3713 370.
5310. 0117.

11111111 1111111350.

1111113111.

0111111111 58011.

3111111111 3137.

Brixelli 7133.

11111111 00. 1383. 1383. 3353.
1031. 18331831.

011111 1373 11.

011111111080.

Curibus 81111111 107.

11111 1358.

1111111111 1013.

Eporediae 70371-

1110111· 111. 3355.

1111111111 7138.

Foro 11111111 5033.

Foro 1111313300.

0110111773. 1308.

01111111 301.

1111111111 0003.

111111111111111. 083.

111111 1111111111 331.

Luco 1111111111 1033.

manni 131. 100. 33331030.
1077. 1313. 1135. 0131.
0331. 7300. 7300.

0111111111 Man. 7333.

 

