 

11. GEOGRAPHICA.

vercellae 888811). 8878. 8885.

vercellenses 78. 78. 1588.
81118888181115881. 5888. 5588.
811881 87. 857. 8177. 8788.’ 8888.

8888. 8558. 8781. 8758. 1888.
1888. 5578. 5118. 5881. 8578.

181. 1818111 8. 8181181111 1818.

8118818111 1815. 8887.

811111111 8185.

8118111 7181.

81111111 8888. 5177.

8188111881. 11881 - 788.

811881181 888.

81118811 5558.

81118811 8888.

8111881811185. 88.·

Vetulonia 7515.

Ugernum 5818. 5888.

8111111 5888.

81115818-

811 8111111 7888.

18 1111188818 5818.

818111181 5878.

8181111 5158.

81111181 8118. 8818.

8818811 81811115178.

811881555. 558. 8878. 5885.

1111111 81188181118788.

8118818111 5858.

8181818188. 881. 81111 -181.11,8.11.

8188111811 888. 8888.

8111811181 55181 818888. 88581.
81881818811 8811111) 8588.
81888811118111 118181 887 = 5888.
81881111 111818181.

81811181115887. 5888.

811188881 5888.

81888188881 8858.

81188881 8888.

181. 81188118. 8588. 8888.

81188181118817. 5875.

811111181818 gene 158.

81118118] 5181.

8118111 8181.

1111111881 81181111.

111811, 111 p. 888.

811181118111 118181 585.“

8188111181. 188188. 5858.

1118811881 188.

8811111 1180. 1181. 8178. 8885. 8855.
8175. 8175. 8178. 8177. 8858. 8851.
8888. 5188. 8887. 8885. 7588.

1811818181 888811 1118111111 ll8·l
Vobergeneee 585.

881115,π 88111881, 8881188181881 11181

81188111 8888. 8785. 8885. 5881. 5888.
5888. 5885. 5818. 8888.

8811111 8588.

8111811181 5185.

881181 588. 5818.

881118118111 88.

881181881 5157.

1181818111 811181 187.

88181111 5888.

8111111111 7858.
81111111118111 1878. 5188.

Urbe 811181 81111188811181 81111111·

leem.

81118881 8718.

1111181111 111118118111 888.

8111111, 881. 18111881. 8818.

111181 87881.

118111. 181. 18111 111111111811181181.
881. 1111118111 8585.

8118,181. - 8888.

881118111 5188.

88111811 5588.

88118811111 5858 ep.

8111111111 8888.

8811811 5878.

Zoelarum gene 158.

8811 5888.

8. 88181. 118111. 1181818. 88111811.

118111 818811818888.
888881· 11111111881 8858
Ammm
881118111881 88111881
18811881
lneque·
Antoninum
Aneonlenue 181181 11 181881 8888.
epplenus
Apulelenue
Aqulllenue
8111111881
,1111111881
8811111881 1111111881
8111 1181111181
888881 1111111881 8885·
1111111881 8888.

8888.

8888.

81811 81181811818878.

888881 81111881
811111111881 e
818111881 81188.
8111881 5

8181881 8111811881

Fundus 81188181181115888.
8188111881 8885.
818118811881 8885.
8118111181 ·
811111881
8111811881
811811111881
818811881
8818811881

8111 8111818111.

888881 88111881
88181881

8888.

 

