VIII. RES MILITARIS.

mmmmmm

mmmmmm2
omw. wmmmw.

FInIn 5011110303. 1110. 111101. 0010.
011111 111 1100111 3040. 1110. 00. 004. 3040. 3001. 0407.

0111714191 fler& 00. 304. 4008. 0484. 00111111 4008. 0740. 0871.

10111 xvl 011. 0705.
11111 XVI V. V. 340011. 0101001111 11111111 340011.
(10111 xvn 8101111 0111. 101. XIII 0. Su· 3370.)

00111 01111001. 001111111 001.

10111 XVIII 1111111111 0830.
10111110380. 0700.

11101. 01111. 3500.
10111110 008. 333. 470. 1007. 181511. mh, mm, 133, 6012,

ffimffi ummwm
10111 XX 11111. 3308. 0000. 3454. 11111111. 0871.

3500. , 10101111οο54.

0110111 1101111 133. 00000054. 0300. 00111111 0000. 3457. 3488.
0700. 3377. 3488. 3401. 0505. 110110111114070.

4070. 5705. 0010. 0000. 0871. 1111111111113401.
00101. 308. 333.

. 1011111111 0805.

11111 XX 0111111101 351011.
1 1115. 11111. 1. 1. 1540.

1110. 11111. 0043.

Wfflfflffifflfflwwmmm
IeflIo XXI 11111 1540. 3341. 3378. amun'o 334¹:

3070. 0043. Ι nignitate! 101. 3370.

11001111 448.

10111 XXI 0111111011) 441.
G 11 (1111111 111111) 441.
Mwwmfflmmmmm

S (sevonum) 403.
1011111 0700.

Legio XXII 517. 501. 504. 3403. 0440. 11101. 3403.
5000. 0700. 0703. 0700. 11111. 11111. 3440. 5000. 0700. 0703.

110111Χ1111 1111111101 0111. 111. 111 1111111. 3448.
011. 0000.) 00111111 517. 501. 504.
01. 111. 0700.

10111 XXII 00111111111 510. 3300., 11111. 510. 0004.
0004. 1101111111 3300.

11111 XXII 1111110111 730. 0105. 10111115400.
3308. 0300. 3403. 3050. 4074. 1110.111.5500.0500.
5004. 5400. 5450. 5500. 0500. 1110. 1111. 730. 800. 3135. 3050. 5703.
0507. 0840. 0010. 0010.
1111110111 111 1101111 800. 1001. 1111111. 3404.
1305. 1007. 0007. 0047. 0003. 00111110 1007. 0007. 4074. 5450. 0507.
0100. 3135. 3404. 3580. 3007. 0731.
4047. 5703. 0731. 0787. 0811. 01. 111. 0700.
1111111111111 1. 1. 1. 400. 011111 51111101010811.
111111111115030. 1111111111 0111111111 181.
1. 51..... 181. 111111013007.

mundun· 5007. 111111 5703.

(11111 XXII 101..1 000.)
00111 XXVI 0403 11101011111101010111110100110110403.

(1.1111 XXIX 1111. XXX 101 XX. 3370.)
0111111. 11101110. 111111. Vol. III. i

 

