vn. RES PVBLICA ROMANORVM.

1.. 0110101001101 01010101 1100110οι

,1111111001 4531.
Ρ11011101 487010.

811. 010101 811. 1. Aru. 1111111101 1011-
1101001110 0480.

Q. Ρ11100101 1111101 8775. 5134. 0048.

1.. Petronius 111013480.

A. 0111011011. 1. 811111 111001 4000101
1111110111101111001 0. 0100101001-
110 800.

Ρ. Ρ101101110011001 3044.

Ρ. Pomponius 001011110013004.

Q. Pomponius 110101 800.

100

0001011111. 1111001011111040. 0704.
5175. 0034111.

40111101 10111 1001011111 1178 111.
1001110 0111 0001111001 1181.

(1010010111010010111, 00110111, 010-
0111101000. infru.)

0101011001 100101111001 3130.
010. 1001. 0101101 3157.
0001. 010. 000011101 3374.

7110001 0111111111 consulor! 001111111

0434. 0435.
0101011111 100101111 10101110 11111101
1111000011 0433.

c. Ρο0111010. 1.0111.0111131’11100501. 7110101111 111 00011111 consumendae

Τ. 01. Ρο1100110171111001 1104.
Τ. 01. Ρο1100110111101 1105. 0017. 0474.
1.. 01100101 1..1. Ρ10. 0110111οι 1111101
(1010111001 0377 = 0700. 0400.
Q. 11011101 811. 1. 0011. 0011101 1101101
811101 001101 01001101 Ρ101 101101
Euryelos 1111111001 Ρο1001101 11110
0. 1101111001 11110001 074.
111. 00011001111101011110100000011001
11111100101010101 07811.
0. 81001101 0. 1. 0011. 11110101111111·
001 11110 01101110 commodi 0487.
0. 81111010. 1. 711. 11011101 1100Ιο1
0111011170. 1171.
11. 811111101 Q. 1. 1101. 81011001 11111-
11101 0074.
1.. 8111001 011010 1111111111, 0. 11111101
701013057.
(8101011101 0011111101 111101, (81011110
1110110101 Mer 0470.
11. 7101101 01101011.. t. 1110. 011101
0011011 5054.
71111001 11110101 5805.
Ρ. 7011101 11110011 1. 8111. Varro 0407.
1.. 7011101 1111111101 4010011001 0770.“
1.. 7010101 81100001 1100.
1.. 7011101 81100001 11111101 04751
11. 1000.
11. 01111101 111111011ου1 5001.
01. Vorenus 180.
M· 8111101, 11. 111.... 0101.
0. 0100110101 0.1. 711. 00110101 001011-
101 3108.

—-

Consulum 00010001 10110101100 0105.
01 10110οΙ1 Ρ. 0. 0011 consolatum
0110010111100. 5505 111.
0001010101011101 possim. 00010111

010101111 001 oum 10011111 00011-
0111 4370.
111 1001011 010101110 3188. 5504111.
000101 0111101101 180. 084. 0554111.
4004. 5301111.

584· 504.
10111111 540.
1. 11. 541.
1111. 500.
01010111 030. 541. 550. 550. 553. 505·
500. 1508. 5357. 0448.
010101111 71. 01100101 0111111101.
L. 1111111010. 1. 318ος of· 0005.
1110101001 1171101 11011. 3050.
71101 011111 Aug. 5³. 50.
0. 0110110011 00101111001700.
0. 0101011011 71. 01100101 0111.
1101. 5181.

*uun—*fl-

Praetores 77. 13110. 050. 530. 540.
543. 545. 554. 578. 588. 500. 074.
003. 770. 800. 800. 1100. 1143.
1170. 1178. 1187. 1188. 10531
1503. 0135. 0151. 0070. 0073. 0074.
0307. 0117730700. 0701. 3100.
3114. 3141. 3140. 0143. 3144. 3140.
0108. 017010. 3174. 3177. 3184.
3185. 3180. 3380. 3008. 0500. 8001.
0807. 3805. 4005. 4010. 4050. 4004.
5000. 5170. 5100. 5000. 5050. 5354.
5058. 53005400. 5401. 5430. 5447.
5440. 5450. 5458. 5477. 5478. 5470.
5488. 5404. 5000. 0014. 0010. 0000.
0048. 0040. 0050. 0051. 0110. 0450.
04501. 0175. 0480. 0484. 04880
0400. 04010400. 0404. 0405. 0407.
04080400. 0501. 0504. 0500. 0704.
0745. 0700. 0830. 0011. 0010.
0015· 0080.

Ρ1. 0111101101 00 700. 0058.

Ρ1. 1100101101 133. 1104. 0040. 0040.
3170. 3058. 3780. 5054. 0000. 0007.
0003. 0470. 0480. 0081. 0507. 7400.

Pr. candidatus Augustorum 0748.

0111 7111101 1101. 0170.
0111 1110111101 0750.

0100101101 01111111 10 01101011 1110
111000110 0110115448.

0111101 11101001 750. 1584. 0084.
0354. 0044. 3150. 3100. 3851.
4004. 0481. 0483. 0510. 0004.

 

