155 , viii. iisss MILITARIS.

11551155 1551551151, 5555111515 51155, 155. 155. 11 11111515 511115551511-
1111111151511151, 11551115 551. 5551151. 511555 5755.

1151515155 1551551115 spurii iiiii. 51. 1555. 51 5551511515.

1155511111 5555. 5575. 5557. 5555. 5555 1111151155 551551515 5775.
= 5551; 51. 5555. 55. primun 11115. 5115155111 5511.

55555155 5115. 555. 1555. 5575. 5555. 51. 1555., 5555. 515.. 555. 5155·

5555. 5555. 5555. 5555. 5555. 11551155, 5. 5555. 51.
5517. 555055775. 5757. 5771. 115515155115 515151515755.
5755. 7555. 151515511515 5571.

5555. 11151555. 15555. Medicus, 111. 5511555115, 51. 51151555, 5.

5555. 5. ΤΙ- 515511155555155555555. 1155.. 1155. 55., urb.. 515.. ulii·

5555. 5555. 111555. 11. 55155151 51 1155155 5575.

Commodi 5557. 111. 1511515511 5555.

1555551115 55 1155., 115151 55551151 51. 1555. 51555551.

5115. 5755. 5111111115 5555. 5555. 5551. 5555. 5515.
5155551151555. 5555. 5515. 5555. 75555. 75551.

51 5555115 51111155 5555. 5 5111111155 1111111111 7555 5.
51151115 5555515111 5151. 5555. 1111 511111. 5175. 5557.

5155511115 5575. 5151155 51111111 1555551111) 5155.
1151551155, 5. 5151 5155515555. 551111115 equestribus 515551155 5555.
51555155, 5. 5151155. 55151555 551111115 55555151555 151-
51515115151, n. 5555. 51. 51 5511515. 1555155 5555.

1155111115 55151511155 5555. 511111115 5511151 3555. 5515111. ¹
111 5555511555 5575. 5115155 55 1155. 55155155 555. 1115111
11551515115, 5. 1555. 5555555555 5511115115555 15 5551551
1551551151515. n. 1555. 55 5511515 1151515555 5555.
51551111 5555. 5111515 11555511 551. 5555. 5575. 5555-
11155555157551. 3551. 5555. 5557. 5755. 5551.
111511155 5555. 5555. 5555. 5555.

11. 5115155 5555. 1115155515 5155515515 5555.

5. 55151 5755. 1515551 55 555515115 1555.

51. 1555. 5115555 (155. 1111 51.) 5557.
11551515155, n· 5555. 515. 11555111 511551555 51155115 encomii
15155151155, 51555, 5555. 515. 51515511. 55. 5757.1
immunis 5555515515 555. 5155. 51. 1155. 15. 15 115515111555511115

15515515 (155111 i) 5515. 555. (155. 1115. 111515. 5755.

51. ionii. 5555. 515.. 555. 51515. m· 55 1515. [11151155 555. 11555.
1155515155 555. 575. 555. 5515 5517. 1155. 511551555 5551151 55 1515. 55·

5515. 5515. 5555. 5555. 5755. 1551115 555. 111551 51 551551115

5555. inin. 1151111151 5115. 1515515115 51

1515. 1151551 555. 55155. 555. 555.· 555111115 155511 55155515 15515511
5755. 1155551155 5571.

55 1511515111 5555. 15. 1155. 15. 5551511515 5511515151·

15 indices, 55551155 555. 5515. 1111151155. 11151. ’15111555555775
11551155, v. 5555. 55. 15155111 511511. 55155. 5515.

Lenius 15 551515515 551., n. 5555. 55. 5515515155 5555.
55511111 5575. 51. 1155 (11155115 55555 5555.

155. 555. 555. 15. 55 5511. 51115515551 (1) 5551.

5555155555511111115551 15 Cin 511151 1515115155 ’11. 51555515 5151
5115511 5511. 555. 11555115115575.
155. 51 551555 5155111 5151111515551· 5111515155 5555
1511511 755. 1555115 55555115 5115515515 757. 551.
155. 11151 511551 15 11151155 5155. 5577. 5557. 5515. 5555. 5555. i
155. 51. 55. 555 tinen 11115. 5551115 5555. 5555. 5555. 5555. 5557.
115151 ’1111155 555. 55515. 1155. 15 58575. 5555. 55555. 5555.
55115 5151555155. 05115 1755. 1555. 5555.
155. 1155. 111511551 15 5155551555 5. 55515115515 5511. 1115755.
11151151 5555. 5. 551551515 5775.
155155. ..... 5115 5551155555. 5.1155115555515 5555.
155. 155155. (initum xiiii 555115. 51 5. 51151551511115555. 5555. 5555.

7111555. 5551. 551555.,5555.55.,511155155551555. i

 

