139 v111. RES MILITARIS.

zwiff'xffiffls's'. 38133. 31433. 1911. 'mm' ⁵⁴⁵⁸· ⁰⁰⁴⁸· ⁶⁰⁴⁹· ⁶⁸⁰⁴·

5158, 11048, trib. 11111. 935. 3379. 9593.

791. 999. 1991. 1191. 19191111. 9119119199· ⁶⁷⁰⁹·
5809. 5919, ⁰040. 0502¹ 0739· 99919119 9799.
Ulpi· vlam m. fldem ⁰⁸⁰4. 9933Ιά91119 3804.

11191111911119111111919111199111111 f⁰m¹⁰¹¹¹¹f¹¹¹¹ ¹⁸8¹¹¹ Ξ033·
3395. 3511. 1911191111 99119.

1119111111911911111191911119991191 ma? amm ⁸⁶¹¹· ·
93111311133313133139111 991111191111. 9991911191 9959.
119911191193. 0083, 99111191 3995.

19119 XX... 999. 91919119 999.
(11119 5517111911 1191191 3373. 3979.)

91119 XXXX 1919111 91911111337119. 91919919 3371 sp.
11119911 111 991991911919 3997.

leg. 19199191191999.

111. 1... 9991). 9993.

111. 19191. 3955.

..m—n-

3. 09199111.
1. 99199111 9991191991.

9111191199 pamm. 91111. 1111119119 9111 919911199191191
pr. August! 193. imperatoribus 1911119191.

pr. 11) 99911 3971.

· 1119991 3999.
1111111991 praetorianus 1999.
primu· 9199 cohortium 91111. 1111199·
99111 9779. .
1111111119919911919 91. 3999.
19911111 19199111919199119191. 9797.
1911111111 3977.
111. 91111. 99111. 3999. 3999. 9797.
9111191111. 91111. 3599.
11 19191991111991. 11. 9999.
9111911191 (1) 991191 1111111 9919911191
99191191911119111111111911919191999 ,ιῃςυῗιῐῗιῖωὲἷᾞῗ ‘mmm w·
²³⁴⁵& 1991111 speculatores 1111111911 9797.
9. pr. 1111199191119779. 19999111919111191 91 1111119119 1999.

”hm Ww'm dmm affl· 3313333331131333330133163333.

991111. 9111191. 99111 111911 1. 11. 111. mne. ln 911919ηο 59119.
1111. 7. 71. 71 . 7111. 71111. X. 9111111111 19 pr. 3597. 5991.
9111119919119959. 1919911191 ex pr. 193.
911111 911119111991 9999.
9111911111 pr. 3599.
9991111 9119911191 3999. 1

91111911191 11911 11191191199135971111·
11919119 1111119119 dd. 119. 1111171.
1911111 991.
11919119 pr· (11 191. 711 9.) 3599.
11111ιὲθ 19 1111119111 1911111111 1199111191
17.
1111191 19 pr· 11 111. XX 9909.

Q uutlffintorluomm 199119111919
x 1

 

