78 V. IMPERATORES ΕΤ IMPERATORVM FAMILIA.

111. cm. 11. 1. 1. 111111111111111-
1111911111). 1. 1111111 111. 999.

111. 11111. 111111111111111111,1111.
111. 111. 11111. 1111111111. 11119. ·
1111111 Q. 1111111 111111 1111111911
1111111 111. (1. 159) 5518.

1116111. prinecps 1111111111 111.
11111 11111. Cum. 9.Μ111119.’111·

, 1111 111111 1111111111 1111111111.

(1. 151) 995.

· 1111. 111. 111. 1119111111. 11111..
111) 111111 1111. (111.-9111111111

111. 1111.-11.111.1111.111.1ἷ aaa
ῙῙ. Qu. 111.-1111 1111. pouffl.
111. 111. 111Ι 19)1111111111111111·
111 (1. 959 111 151) 5519.
11111111 1111111111. 1. 1111111 5519,
C. Valeas Hostilianas 011111.

C. 911111 111111111111 991.

Quintus 111. (11119111111111115511.

C· 111111 111111111111111111110111-
111 1119111111. 11111. Caes. 1111111
Q. 1111111 111111 11111119111111111

111. 1111. Ι,111-11. 1111. 111. fs 111.

. 11. 111111. 111. 1. 1. 111111 (1.159)
afflues. princeps 11111111111111.

111. 1111 1111. 111. ΓΙ) 11111 1111.
1111-1111111111111. 1111. 1111.

1111. 111. 11. 111. 11.-11111. 1111111

1111. 111. 111. 111. 111. 111. 1111)

1. 1. 111111 (11119111 151) 5519.

111. (1111. 1111. 111. 11. 11111111

1111111111. 11111 111. ,(1. 151) 5519.

Imp. Cam· 9. 1111111111111111111911·
1111 111111 Fam 1111. 998.

1111. 11111. 1111. 111. 111. Ἡ. p. p.
11. 1511111.) 181. 5511.

11111. 1111. 1111. 111. 1111.111.11.
1. 1. 11111111. 15111999.
Imp· cmm.. Gflnul Aug· 506³·
,111111 11. 1. 911111991111111. 1. 11111
1111 11111111. 111.
Imp. 1111. C. 111111 Volusianus 111.·
1111. 9111. c. 911111 1111111 (111111
91111111111111111111111111111111
11111111 111. 5971.

Imp. Cum. G. 111111 111111 111·
1111111111 1111) 1111111111111111
111. 5511.

1111. caea· 9. 111111 111111 (1111.
111111) (11111191. 181.

“ Imp. 9111. 1111111111111. 5911.
1111. Gaea. 11111111 1111111911111
V. V. 9111111111 111. 1111. mu.

1111. 111. 11. 111(1. 1591999.

1111. 1111. 1111. 111. 1111. 111. 11.
p. p· 11111111. 15111999.
Imp. 1111. 11. 1111111111 1111111111111.
1111. Caes. 11. 11111111111111111111
11111111111111111. 1111. 1111. 1111.
111. 1. p. 111111 (1.15115511.
9. 1. C. 11111111111 111. 19913
Imp. 9111. P. Licinius Valerianus 111.

11111. 9111. 1111111111 9111111111 Pius Ἴ

11111111. 1157.
mu· 1111111111111111. 5116.
1111. 9111111111 111. 9711.
9. 1. 7111111111111. 19811 11. 1111.
91111 1111111111 111111 1111. Pau
11111 911111 1111111111. 1991.

(111 temporibus Valeriani 11 Galliam·

1111111111111111111111111111111111 1

1111111111. quum 111 11111111 11111·

1111111 parmam 1111111111 11111111
lmssfc'zluea. Ρ. 11111111 1111111111

11111111 Plus—[eux 11111111.
proco-uL 1111. vu. 1111. 1111. 1111.
111. 111 (1. 151) 5111.

1111. 1111. 1111. 111. 111. 111. p. 1.
111111. 11. 1551) 5119.
1. 1111. 111-1. 1111. 91111111. 1111.

111. 111. 111. 111111 (1. 155 111
151) 5511.

p. 1111. 1111. 111. ἵ 111. fis (1.
256) 5³³.

lmp· 1111111111111111111 111. 1111 11.
117) 1111.

1111. caua· P.. 11111111 1111111111
1111 111111 111. 1. 111. Gom. 1111.

1111. 111. vu. 111. 1111. p. p. 111
111 (1. 951) 1991.
Imp. 1111. Ρ. 1111111111 91911111111.

Imp. Gaea. 1³. 11111111 1111111111 1111
111111 111. 1957. 5511.

11111111 9111 11111111. 1999.

1111111 11 11111111 1111. 1111111111
9111 111111 111. 111.

Imp. 1111111111 111. am.

· 1111111111111 1111111111 111. 11. 1911.
9. 1. (111111111111. 19811 11. 1151.
1111111111 1111111111111111 11111111
911111111111111 111. 1919.

1111. 11111. 1³. 1111111111111111911-
111111 111111111111. 1111. mu.

1111. 111.Ι 111. 111. 111111 p· 1·
(1. 155) 1191.

1. 111-..11. 1. (1111111111) 11.

111. 11. 1.1. (1155111151) 1111
11119111. 11111111 (1111111111 1111
1111111111111111. 11111111. 911

 

