11. GEOGRAPHICA. ’16

61116111 6766. 1111111161 166’; 6. 1161111111.
611116116 5667. 1111161111111 66.
61111 576. 1666. 6166. 6166. 6566111. 1111111 6861.

6666. 6666. 6667. 5656. 6616. 11611115665.
6666- 6666. 6666. 6617. Thelepte 5666. 67661.
6. 66616 86. 11166111 6656.
6. 1111611161 5566. 6111611116111111116656.
8. 11666116 665. 11111161566.
8111 6671. 6665. 6566. 6567. 6566. 11116116111116111111116116676.
5666. 6566. 7657. 11111116 6666.
6111 6665. 1111111116656. 6666.
1116616161 566. 11111111 6566. 6575. 5565. 67661.
111111161 166. 11111111 111111116616666.
111611 166 111. 1111161116 Bure, municipium liberum
1111111611 561. 6661.
111661161 1666166611. 6161611166 6116111166 111611111-

111111111 6667. 6111 1116161611. 116561.
Tarquinienses 5166. 6666. 6666. 111161116111116561.

’1111116 157. 6666. 5616. 6667. 11111111, 6611111166 1116116 5665.
161. 16111 1111111 1611116167. 1111111 111111111111561.
1111166161111 6667. 11161616111 116111 566.

1116116111 1. 6. 1111161116. 1111111666. 6676. 6686. 5561. 6666.

111111111 5566. 1111661666. 1566. 6666. 6766. 5616.
11111111161116665. 6686. 6666. 5616. 5666. 5666. 5666. 5666.

111161, 1111161616. 5166. 5666. 5666. 5665.Ι 6666. 6166
111116161 5166. 66561. 6666. 6666.
1111616761· 116111 5666.

11111111 67661. 161. 66111611 1111111111. 5311.
6111111116111111, 1161161166 6661. 11111111615611.

6666. 1111111,1161116. 116111, 111111.
1111166111 161. 7151. 111161616861.
11611111556. 161. 1111616111 5666.
116116171. 666656166616161611161 11111161 6666.

Tener. 111111 116. 7666.
1111116166161.661. 61761 11. 061111. 1111111166 111 1611. 6666.

66 5666. 11161111 66. 6666. 6766. 6151. 6666.
11611111 5657. 7166.
1111111 6661 616. 11111 111611 5167. 6666.
11611 6556. vlu 116611111 6166.
111666111766. 55651 6. 1611116111. 1111166 5166. 5616. 6615.

1. 611111 166. 1111111111 611116161116666. 6666.
1611161 6175. 1116111161 111661111116666.
1111111 666. 1116111161 11161 666.

16111111 5666. 116111111111 6766.
16111666111 6566. 5166. 111111 (1) 7666.
1111111 6666111. 11116615181. 5751.

11161161 166. 111111111 11161 61111111· 66.

1616111161. (1) 6855. 166161 66.

166161 667. · 166611) 6551.

⁸ 11616 56711. 16161111111111111116176.
1161116111 15611. ’16111111 666.
11161661111111 5176. 5176. 16111111611615166.

1111111611 5676. 1661 65161
16111116 6667. 7166. 16611111, 111111116611115666. 5667.
11116111 15611. 56671.

’1111111 666. 5671. 1111 1111111116116666.
’11616161 566. V. 1611115166. 5651.
1116616167661. 1. 661111. 666.
111661. 5666. 1. 1111111 11111 15611.
ι11111616. Tanos. ’1111161611 6666.
11111611. 111111. 1111111 611111 166.

 

