100 vm. RES MILITARIS.

1001111111. 0000.
princeps posterior 001. Ι. 1⁸1.ss 0050.

0010100 pontenurum. Ι. 0050.
S 1000100 0000. 5070. 5170. 0050.

nato 111 0010. 1100. 1110. 0011. 0111.
mm

1015. 11011. 101101. 0170.
1001001010υο1001700100. 00000000. 10111. 0011. 0050. 5050. 0000. 0100.
0000. 0501. 5170. 5070. 07000050. 0050. ·
01010010 1110 000110 000. 005. 000. 11111010. 0100. 0000.
107. 050. 055. 000. 0010. 0000. 00010010 ,0010. 0000. 0000. 0070.
0000. 0055. 1070. 0000. 5000. 5000111.
5050. 0000. 0000. 0010. 01001100 0111011100 0010.
10111000 0501.

1 curator 001010010.
(10010 xl 00001110 0000. 000111. 0050.)

tomo xn.

10010 011 Aug. 0000 010. 00010010 0000 011.

1000100 0107.

10010 7111 1010010010 517. 0170. 0000. 10111. 0111. 101101. 0170.

0000. 5007. 0007. 0500. 0777. 10111. 11111. 5017. 0500.
primm. 517. 0777.

zama 1111100· 01111 111. suo.

ι 1000100 1000. 1000. 1001. 1700. 1700.
ι’ 1017. 1000. 50000710. 0010.
100001. 1011. 0100010.
111001. 1501. 0101.
10110 xm 00111100 00. 050. 510. 700. 111001. 10011. 0007.
005101010101070. 10001000. 1015. 101101. 0001.
170010171000. 0101. 0570. 0000. 10111. 11111. 510. 1000. 1000. 0570. 0151.
0000. 000005. 0007. 0001. 0100. 5010.
05000500. 5050. 50100710. 0707. 11111015. 700. 0010110151.
0700. 0000. 00500055. 0071. 0000. 00111110100500. 5150. 0707. 0700. 0050.
gom. p. 1. 0700. 0071. 0000.
0010. Antoninum 1501. 1001. 1000. 0000000000 100011 0000010010 1000.
gom. Gordium 0007. 00001001001110111001. 10011. 0007.
gem. 0000010110 1700. 1000. 01001100 00.
0000010100 5110. 0007.
1000000000, 00011010 0000.
frumentarius 0000.
duplum· 0055.

loqu 0110000001101. 000000. 01110.
0077εο700. 0077. 0100. 0000. 1000100 000. 0077507οο. 5000. 0151.
0000. 0151). 0150. 0000. 0000. 0000. 70000.
0000. 5100. 0000. 0051. 0000. 1015. mn. 00. 000. 1700. 01005050.
0770. 0700. 7000. 0000. 0000. 0707.
gemin· Severum 00. 50111110. 0050. 0770.
10101001001110 0101011 0500. 0050. 0001001001100000 0050.
⁵⁴5⁰· 5⁴⁸⁰· ⁰⁴⁹⁸· ⁶⁷⁴⁹· ⁶7⁶⁷· 511110011οῙ1 0000εο000.

m “mmmm
0001Ιῦ0 ’101110 ¹⁷⁸⁰· 0011001. 0110100 0500.

(10161871110011100.οο0100110110010. 0110011110 0701.

haio XV 0010. 1111). 11111. 0010.

10010 0010011100010711.11001101. {egatus 0100.
0000. 0500. 0700. 5000. 0000. 111001. 0111. 0101 011.
0000. 0710. 1115. 1011. 0710. 0010.
0101110000 010 000110 0000. 00010010 0100. 0500. 0700. 5010. 0000.

100100701110100010007000700700. 00010110 0700.

 

