111. 1111. DEAE. MYTHOLOGICA VARIA. 37

1111. 3. 131. 33. 733. 1835. 5013.
5518. 3555.

11.133. 1835.

11. 33511311813. 3357.

11313311 87. 1313. 1315. 13171318.

3315. 8000.
F. 113311111311758.
111311 353513.
11. 131 (3331333311 3351.
11. 331 31131331183013.
11. 3133311) 1333131) 5538. 5553.
11. 33511311513.

1113133. v. 83313 313333.

3111315805.

111331 1111. Fr. 5115. 3. 131. 1111. 331131.
311113. 131. 11. F· 335. 331. 1330.
1738. 3370. 3371. 5555.

11. 11333311 131813.

1133131335. 3537.

11331111. 1311. 31. 031. 351. 1738.
3370. 3371. 5555.

133111 1333. 1535. 1533. 5785.

11. 311131 1330.
11. 3111315733.

11311313 1713. 3551131. 11311131.

11331 113313311111. 1311. 1113311. 53333.
ιιι. 133. 131. 11, 3. 381. 1770. 5731.

11311331 1111. 1113311311111111. 31. 733.
1373. 1355. 1513. 1503 (= 3555).
1735. 1735. 1735. 1753.· 1755.
175713. 1858. 1835. 3555. 3333.
3883. 5553. 5805. 5330. 5510.
5355. 5555. 3787. 3835. 5350.
7033. 7183.

11. 51131111 3703.

11. 3331513133 3131..

11. horreorum 5581. 5553.

F. 53131133 3131 1111111113113. 11111.
ιιι. ιι.

F. 53131 1331 1533 = 3558.

F. 131313111737.

F. 3513333111 5. 1750. 5783.

F. 3311311 1733.

F. 3113133 175713.

F. 113133311131 1753.

F. 31133331. 3131133 331131 7383.

11. Ρ31313111 1755.

11. 3313133313 1111111. 1311151757.
3133. 3303.

F. primigenia Ρ3133311131 1753.

F. primigenia 13111 33311 1355.

11. 3351131 1111. Pr. 3, 131. 1753.

F. 31151133 3113133311 1111. 1113311.
81331. 31. 11113.

11. 13333 1111. 13111. 131111. 3. 031.
1111. 111111. 3. 033. 333. 353. 735.
333. 1730. 173113. 1733. 1755.
1773. 5083. 5353. 5731.

11. 33331 133. 7058.

11. 13333 33331 13331113 3035.

11. 33333 13313311 ΧΧΙΙ 3331333113
3113 533111 5357.

. F. 3331311735.

11. 1313111131 5. 577. 1755.’
11. 1333111 13131313111733.

81311 11. 133. 18.
F. 133311 1753. 1555. 5733. 5753.

F. ’1313315151 1783.

11. 731111311753.

11. 7313313311 (3133333111 7313-
33331171 5735.

11. 113131 175713.

11. 1131111 1111. Fr. m. 131.

11. 1131113 57351

113313313 5555.

F. 511331 verul. 5737.

11. 13111131 1735. 1755.

11. 111311131 1737 = 5035.
11, 1113131331 13111131 173313.

11331331 1353. 58331.
1131333133, 1. 33311.
1111131311 3503.

F. 133. 177.· 1133150113. 1333. 11313131, Fur. 11111. m. 131.
1835. 3555. 3555. 3537. 3735. 535113, 1. 31113313.

3850. 5033. 5531. 7183.
11. 133. 131. 1751.
11. 11135111 1753.·
F. 53111 1753.
F. 5331333311133 1755.
113311. 33131313 3131313 5787.
11. 3313331 1733. “
11. 3331331311131755. 1753. 5788.
F. 335115.
11. 3335730.
11. 3113331111 1753.·
11. 13111 175733.
F. 1111111 1753.
51111 11. 175713.
F. 313311753.
F. 3111331311 5.
11. 331131 3535 33.
F. 3131133 133. 175313.

5133131133. 1335.
1133333311 5311.

31133113. 1. 33113313.
3311131335. 385. 133813. 1580. 1333

(= 35581. 378533. 5353. 8588.
5811. 7031.

5. 1131113313383.

G. 1111313131 5771.

fl. 13133331 1733. 5577.

G. 3131131 151313.
G. 1133131 333 = 1703.

83311 3333331 3313333331

G. 113133111731.

G. 1133131133 53. 1713.

G. 13111 173513.

G. 13111 (1.1113111 3588.
(1.1333. 111. 111. 171813.

G. 1113111 1351. 1353. 173013.

 

