610716.

776 1161111161111111. 11, 11. 660.

TVB. 61611. 711 1111111 1111111111 11-
1111 11111111 3876.

7711 1111111 1111111111.
777 111111 1061.

711111 1611.

7 716111 6616.

7 11111 6660.

7 111 1111111.

7 11111, 11111 passim.

V 1111 1617.

Vll Velerluel 1166.

7..1 1111 1111116753. 6786. 6061.
m 11111 111111 poesim.
711 71111113056.

761 11111161111111 3666 111.

1111111.1.1.11,1,ο.1.1,
v. 1111. 1111111,

V. 6 111 61111 6610; 11. 3616.
76 1111111 6171.
7 6, V. 6 111 1111111111 passim.

V . 60111 5661.
7.66176 111 1111111111 6701 111.

7.6. 11 1111111111 11111 11111111 1671.

7671111)116111111111111111111-
11111 7161.’

VE. 7.6 111 11111111 puellm.

VECT . 7111111 11111111111111111111 1636.

761 711111 111611 11111111.

VEL 7111111 5660. 5661.

71111 11111 panim.

VEll 7111111656.

76116 Vercellae 6011.

767 1111111111111111.

767 . Pell veteres 7111111111 6766.

VEX vexillarius 6031. 3171. 3781.

767 1111111111 5653.

7.7 11161 111111 616. 775. 6111.
1010111.

7.1·“ 11111. 1111 11111 616 111.

V.P. 6 1. 6616, 1106.

7.1 111 1111111111 1156. 5171.

vl, 716 7161116660.

711 11111 110.

71 111116616.

vll 11111 6668.

Vll} 111111 1666. 6171111.

716 . C . 11 1111111 1111111 6111111111
1111) 6551.

716 111111111111 3171. 6761.

716. sle. 176 1111 11111 11611111

7167 1116111111 6761.

716161 111 71611 6111111111 1066.

7111 1111111 1111111.

711. 1111111 passim.

71116 71161161 1016.

717 1111111161.

7.Ι. 11111 1111111 6600.

‚ 11

7. 106 ·P 11111 1111111 11111 llll. ι
V. L -Ρ 111111 (1111166111 1111111067.

6016. 6167.
7. 1 . P. ll 111111 (eolo) 1161111 111111
11111111 17071 111761. 1766.

- 7.1.6 volum 116111 111111 1060 111.

7.1.6.661.111111116611111116
11111111 1716.

7176111 16661

7. ll 111111 6111161111111 666. ’

7176, 71767 1111116506. 3171. 6761.

7176 1111111111 6661.

VNlQ 1111111111 1657.

701 71111111 1116111111111.

701. 1111111111 1111111.

7016 7111111111 111. 11, 11. 366.

7017 71111111 1116111111111.

707 7111111 1116111111111.

707 , ll . 67111 1111 eorum 1111111
1761.

7 . P 111 11111111111111 puellm.

V.P 11111 111111, 1111 1111111111 6716·
1606111.

7.Ρ volum 1111111 1615.

7. P. 6. 7. P 111 111111111111111 11111
111111 1111111111 1037.

7 .P. P . P 111 111111111111111 proepo-
111116630.

7. P ‚P P. 611711 . 61717 111111111111·
111111 1111111 1111111111 61111111·
1111 6111111111 5576.

V.P.P.P.lV.M.T 11111111111111·
mue 11111111 1111611111 1111111111
11111 1061. 5666.

7. P. P. P. N 111 111111111111111 11111-
111 prov. Numidiee 5522. ⁰922.

1.1.1.1.1.1.11111111111- ,

1111111111 1111111111 1111111111
7111111111 1111111111506.

V.P. P. S 111 111111111111111 1111111
6111111ιί6605.

7 . P . P. 711 111 111111111111111 peter
11111111 6611.

7.Ρ.11.17.6.11 111111111111111111
1111111111111111111111111111111111

v.Q 111111 1111111111 6110. 3150.
6615. 3661. 7116111. ’

7.6 6161 111111 6150.

Vll Uelleus 6115.

7116 61611111 panim.

V .S 111 1111116611 1166.

7. 6 1111 11111111 1076.

7 ,6 111111 111111 passim.

7.6. m 111111 111111 1111111 11611111

6066 111.
7.6.6.6 1111 111111 dono 6111111660.

7.6. ll 11111 11611111111350 111111111

1111. F 11111).
V· 6. 1. 111111 111111 116111 1661.

 

