IV. RES sacRAu. 17

,11111111111111 5373. 3111111 apud Aegyssus 11111111 3331.
311111111111111131111111 11111111111 3111111 apud 3111111111 1111 11111111,
Romus 3313. 311111 11311113331.
311111111111(τ.1111111111111111113033. 3111111 1111 11111111 1111 mosao 11
11111111 11111111 111. 3113. 31111111311113331. .
1111111111 11 1111 1111111111 1111111111 31111311113353. 3330.
131. 3317. 3111111111 31111111111111111113353.
3111115111 (1111111111) 111. 3351. ’111111131111111111 31111111 3033.
fl. 3111111131. 3335. 3353.
u. ((111 1100,ng Aug, (11, 1351, 3. 311111111111111311111111111111111111-
sororum· 1111111111. 1111. osso 111111111113330.
l. 111111 1511. 3351.
fflflfonhflnh'l! dm 11001110 Μ· 2³⁰1· ί. Sam Iudaica ot ohffm'am·
Maternus 1111111 111. 1111111131.
· 11. sacrorum 31111111113313. 1111111111111111113111.
3111111111 matuatus 1111111111. 131ωῶ1111 quae 1113111113 mmmm
1131. 7311.
1111111111 mosao Auo 3013, 3011. 31111111 3111111111 1133.
nyssae ussuyusoenses (1111111) 3333. 1111111111 3133.
mystagogos 1111113313. 111111 sanctos 111111111 11111111111
1111111111 1311. 3351. 3113. Ι
0111111111 suasimus propo 3111111111 3111111111111135331 11. 5333.
1133· 111111 synagogarum 111111 11 1111111111
1311111111 Puteolis 3133. 3533.
1111111111 31111111 3303. 31111111 3537.
31111111 11111 1111111 3111111301. 31111 sinagogas 3115.
31111111 1111113111311. 3333. 3111111113533. 1
3. 1111111111311111113033. 3133. Presbyter 137311.
3. 11. L. (11111111 31111111111111· 1111111111 11111111 111111113333.
mua 1301. Reliquias 111111311111111 martyras do-
31111311 11111 (uultus 1111111111) 111. 1111111 5333.
agripp. 1131. vugo 1111111 31 1130.

V. IMPERATORES ΕΤ lMPuRuTouvoa
qussLsA.

’(11 1111111111.)

Domus Augusta 1835. 73131 11 111111· 3. 3111111311. 31. m. 1111.

1111111111 1531033. 3. 3111113. 1. 311. 1111111111.

Numen d. 1. 1. numan. 1111. 311111 311. 3111. au. Aug.
1111111 unsina. 11 honoram 11111111- 111111 311111311. 31. m. 111.

1111111. 111. 1111111111. Primum, 111111111111 53311. 310. 3303. 3115.

1111111111111111111111, 1111111111 3333.

111111111111111111111 170 (531111 11111111 1111 3111. 11111. 1111111. m.

111111 1111111 1113111111 Commod! luno. 3115. - 111111 ad Forum

1. 181 15733). 133 (3031), 131 3111111111111. -11111111111

(533311 311111 11133 (1333), 131 11111 1111111113. 1111111. m. Aug.

(33331,133(71511; 311111113111- 3115. - 11111 1111 1111111 111. m.

11111 (5533. 33331111. 313 (33311 111.

3111111111 (31711 1111111111 (50371 111111 111111 1111111111111535·

31130711103353353113361138311 Goulos 111111 111111, quam 1111111

Gordian! 137311 ausas· 313133311 populusque 31111111 11 duorum

Pousoos (333) eoos (11111111 1111· numerum 1111111535.

1111 1111111111 31111111 7113. 1111311111 (3. 311111711111111111)
Domus 1111111 Augg. 3303. 3111111111 1111111111 11111 3111.
3. 11111111 311111· 530. 531) 533. 533· 111117. 3111. 1111111311. 111111.

531· 3115. - 11111111 11111 3. 11117. m.

 

