16. 111116161116111611611. ’ 111

666116161116. 6661661161 6863. 6665. 6611. 16166 6. 6661161116011.
1111. 6651. d. 1 [16611616 805.

611111611 0111666 1660. 116.) 1666. 6. 6 frumento 66116111 11 01111 6615.
7101. 6. 616611611661, imp. Domitiani 611·

611111611 11. 11166 6611. 6. 6616. 11111160. 1111616018.

6. 611161 Drusi 6816. 6. 1111161161116166 6016.

16616. 11616611 616166116006. 6. 6 11111 6611611166 66166111 660..

a 00610010 0651, uei·- Ti. Ciiel. 6110. 8817.

6 666. Aug. 6611. 6. 111111 61666116661, 6161. 6. 161.

61. Aurelii 6611. 116. 616 66611611 166.
1665. 61611616161611 6001.

611616616 1161611161 110. 6666. 6015. 16 6116661611161 1661611 861.
6611661161 7767, 111111061161 5678. 7868.

Gallonius u'w 6. tenentium 666.
6611161161 1175. 1166111 61116 1616616161617660.

66611161 1176. 1177. 6. 16666611· 1161111 61 61661666 6506.

Α eun micorum, Aug, 0, 0500, 0000, 6. 1161611616116616 1161611.
6067. 600616. 66616111 §iudicatorum 6566.

6. myrmillonum 6560. 6175.
6. 11 6116166 provocantium 6176.

6. 761111661 6570. 6171.

Α 6611 16111161 601610.
6616161 6665.

6111116111, qul cineribus 61116161 111·
11661 1117. 6616611661 1081.

6. 1116116111 6551. 66116111 6166166 1866.

66116111661611116166111066 Kal. 111. 1111111111 1116.
16. 1101. 66661161611787.

66111611 66661616 5060. ’ 61666661161 0111616111 6561.

c· 1111111 11. 66161111 1116.
Ab 10616, 016661 - 6011. 6166666116 61111 66111616 1166116 6616.
6016111161 6 1116 publico (1) 1176. [implores 3760.
Donum. 0000, 280³. 0000 cei. Equestres (6111661161)οΜ1616111 6566.

61111616 6806. 6805. 6576.

616616161611166611111661 6. 16111011. 1111111111 0101111111· 15111· 11185·
[1666611116166166666 611116 6611. 111· 111· 1511·
11111661 (histrio) 1666. 66666661 1161611661 6616.

61111616661611661 660.. 66116111 111. 1111111111 11111111 1918·
6010. 666111 666116661660.

6166161161 6661. 6. 1111116013. 1101111111 111· ”l- 0¹· 11111· 11611·

1111066616,161161166166 -6160, 6667, ''mm'' ²⁹²¹·

66681161 os. 1111166166.
mmmm, 0000000 ,, 0007, 1016110111, 61110161 lug. 116. 1716*
Α 616166111661, Aug. 116, 0705, 1111161161 61111 61016161166 7660.

66111111611111661111161111. 11111111· 1511·
6676. 6166611661 6611611611611606.

6. 661611116111 616161 661111661616 7661151161 vi· 11111616.
6656. 1. 610161611617. 1606. 5755.
0661611161 6166. 6780. 6860. 6805. 11116111115065.
iiis. 5168. bilo. 5751. 6688. 1. 1 Corinthii! 6181.

6616. 6115. 7100. i. thurarius 1606.
6. Aug. 105. 1677. 6661. 1. 16116111 616116116611066.

6. 1116111616. 6. 1011. 1. 0616161161 110111111611611680.

6. 6661. 6111. 6066616611116661711. 1. 16161116. 1166.

6116. 6606111 6. 6661161661 6861. 016111111161ὶὲ4651611(11111111111111181.
,661 11 . .

6111611161 5086.

6. 601106. 6611. 5678.
1..111. 71. 6166611611161116866. 1. 6661666661 1185.

6. 1116111161 660. 766. i. 61111611. 7666.
imp. 660. 6. 6116116616617. 1. 1106661166 7660.

6. 161161616 6608. 7161161661 1186.
611016661117116116 Torquato 6660. 7166111611 61111616165061161.
71. 616661166616111 660. 6116. 161- i. 1111 611116111650610. 6566.

111666 66 61616661 1616616111 6616. 1. 116616 6506.

 

