vm. RES MILITARIS.

11. 11 Imp. 1111111111 111. 11 Τ.
1111111111. 1. 1111111 1111111, 111-
1111, 111111, 111111 1111111111111-
111 II 113.

11111 111111. 1111111111 1111111111.
11 1111.11111111111 111. Germ. 1115.

d. 111111. Aug. (1111111111) 111111.
11111111111 111111111111111, 11111-
11111111111111, 111111 11111 II 1511

d. 111111. (111111111111111111. 11111 ,

1111111 111111111111111111, 1111111,
11111111, 11111. 111111 11111 1111,
11111111 1111 5131.

(1.1. 11 Imp. 111111 1111111 111.
(11111. 111111111111 coron· 11111,
11111 pun. 111111. 5131.

d. 11111 111111. 11111 111111111111-
1111111111111 1111111, 111111111-
1111, 111111 11111 1111111(111), 11111-
111 111111111111111 (1111111111)

11111111 11111 1111. 11111111 1111,
1111111 1111111111 II, 111111111111,
11111111111, 1111111 11 (1 ’1111111
11115118.

11. 1. 111111. 111111. 1111111111.
1111115151.

11111.1111111111111111111111. 11-
11111111, 11111111, 111111 1111111 1851.

(11111111. 1111111 111. Germ. ,

1111111111111111 1111111111. 11-
11111111, 11111111. 1111111111111. 11
1 1111111111 11111111111111111111111
1. 11 1111111 8111111111 11811111·
1111111011.

1. 1. 11 Imp. ’1111111 111. 11111 111-

1 1111 111111111111. 1111111, 111111
11111. 1111111111111. 1510.

111 111111111111111111 1111111(111111
Troiano) 11111 111111. 111111111·
1111, 1111111, 11111, 111111 11111111,
11111111 111 5110.

1. 11111 1111111 1111111 1111111 11 111-
1111 11111. 1111111 1110.

d. 1. 1111111111111111111111, 11·
1111111, 1111111111 1111111 11111111

1. 1. 1111111111, 11111111, 11111111.
111111 111111 11111 1111111 1151.

1111. (1.1. 1111111. 1111111111, 11111111,
111111 1111. 11111 1111111 1151.

d· 1. 11 11111111111111111111, 11-
111111, 11111111, 11111111111111-
1111111.

1. 1. 1111111111 11111111 1 11111
1111111111111111, 1111111, 111111
1111111 5151.

1. 1. 111111 ’1111111 11111 11111111
111111 1111111, 1111111.. 11111111,
11111111 1111.

(1111111111111111. Latin. 111. 111.

1118

1. 1. 11 11111 1111111111. 111111-
111, 11111111, 1111111111111111-
11111 11 111111. (11111111111111
111111111 111. 11111 putu 11111111
111113118.

1. 1. 11 Imp. 111111111 111111 111111,
1111111111, 1111111111, 1111111111111·
11111 1111111111 811.

11 111111111 Imp. 111111111 111. 111-
111111 11 1111111111 111111 11111111
11111111 11111111111111.

1. 1111111 1111. 1 11111 111111111 11
1111111111111111111 5110.

1. 11111 1111, 111111 11111 1111-
1111111 1111111 (1111111111) 1500.
1. 1. 111111. 111111 [1111111111 11-

1111111 1111111111111 1511.

1. 1. 111111. 111111 11111111111111-
1111 1111111111111 pun 1111111·
116111.

1. 1. 111111. 11 1111.1111111111111
111. 1115118.

1. d. 111111. 111111111111111 11111-
1111111 Imp. 11111111111. 111
11111 1111 111. 1181.

1. 1. 111111. 11111 1111111111 11111-
1111111 Imp. 11111111111. 111
11111 1111 111. 111111 1111111,
11111 1111111, 11111 11111111, 11111
11111, 111111 11111 IIII, 1111111111·
1111111 1118. 5111.

1. 11 1111111111 (111111111111811-
1111111111111111111111111111111111.
111111 1111111, 1111111, 11111, 111111
11111 1111, 1111111111111111111111.
1111111111 3511.

1. 1.111111.11 Imp. 1111111111 11-
111111 111. 1111121101. 1111.
1. 1. 1111. 11111111111111111111111111

(111111) 1501.

1. 1. 11 1111. 1111111111111111
1111111111111,111ο11111111151.

1. 1. 111111. 11111111 111. 11111
11111115.

1. 111111 11.. 11111 1111. 111.. 11111
111. 111. 11111111 Iuga. 11111111.

111111. 111111. 11111. 11 1.(1. 11-
11111 151111.

11111111111 1111.
1111111111 1118. 1181. 1111. IIII.
1111. 1111. 111111.

111111111111111111. ¹³· 111·

111111111113511. ‘mu ⁰¹⁰⁸
1111111111.

- 1111 11111 11111111 11111111 11111111

111111 111111 11111111 11 1111111111
111111111. Item 11111 (I). 1111111111-
111 (1) 1111 cs· 1111111111.

1111111111, v. 1111.,1111. 1111. 11111.
111. 1111111 111111.
111. 111. 1111111118.

I

 

