185 vm. 11115 MILITARIS.

811. 1. (1111111111. 1111. 818.
811. l. Gallorum 1111111 88581.
811. 11. 0111111111 8851.
11. 011111. 11111111111185. 5118. 111111. 185.
111. 1111111111. 5118. 8588. 8851. prael. 8588. 8851.
111. 1111. 811111. 8888. 5818111. 8851. prael. 8888. 5818 (1).
111. V. 811111. 5180.
8. 011111. 111111. 8851. prael. 8851.
111. vll. 11111. 8515. 111111. 8515.
811. 0111111111. 185. 11111. 185.

811. 1. Germanorum 1818. 8580. { awo

811. 1. 1111111111111111111111111 5181. prul. 5181.
811111 Heluorum 8188. 111111. 8188.
811. 1. 1111111. 111. 118. 11111111111111.
811. 1. 1111111111. 0881. 1111. 8881.

811. l. 1111111111111 8881. 5101. 5188.ἶ prael. 5188.
5118. 5155. 1111111111 8881.
1. 11111111. 1111111. 801. 1111. 881.
1. 11111111. 1118111815118.
1111111 11111111. 11111. 111111118188. 1111. 8188.
1. 111111 111111. α) 11. 1111. 8111.
1. 811111 1111111 11111. 11111. 1. ll. 5118.
111. 11. 111111. 5181. 5188. 5180. 8811. 111111. 8811.
11. 111111. 11. 1. 118181. 1111.. 0181.
111. V. 111111. 5118.
811. 1. 1111111 11111111 111111. 1111111111- 1111. 0108.
111111 01081 811111111111111111111111.
8111.11111111111505050515058.5118. 11111111 511511.
111. 111. 1111111. 1801. 111111. 1081.
811. 1. 1111111111 5188.
811. Ι. 1111111111 (1) 8888. 111111. 0888.
811. l. 1111111111 0111111111 815. puel. 815.

111. 11. 1111111111018061· 5155· ffifqggi

ll. 1111111. 111111. 1088. 1111818118.
111. 111. 11111111. 5111.
111. 1111. 11111111. 5188. 1111851118.
811. l. 1111111111 5188.
111. 11. 1111111111 8851.
811. 8111111111. 118111111115181; 11.
118. V, 8111111111. 111.
811. 1118111111 808. 11111. 888.
wag. 1111111111. 5181. 5180. 5188. 111111. 5188.
11.
1. Aug. 1111111111. 5188. 8518.
l. 1111811111. 8111111111 8851.
111. 1118111111] 08511.
811. 111111. 811... 588. 1111. 588.
111. ω Maurorum 8101.
811. 1. 1111111111111 5155.
811011. 1111111111111 8888. 5188. 5188. prael. 31188. 5181111711,
11. 88511.
1111 (1111 1111111111. 5180.
811. 1. 111111111111 5118.
811. 1. 8111111111 5888.
111. ll. Nemorum 5155.
111. 111. Nemorum mll. 5155.
111. vl. Nemorum 5851. 5155.
811. 1. 1111111111 5188. 5180.

 

