0 1. NOMINA.

1000011110 quo 1110110 00111 1010111 1101111- 1110 0771. 0770. 0770. 0007.
1110111 1000001001 11000 0700.
0οὅοὲΑοἔοἓὲὸξ770. 0710- 5007. 0000011000 0110111010 10110001 1011011
0011 01 0707. 0700. 1101111110 0010011110 0770 1000. ,
007 010050. cr. 110001. 70110. 000. 11001111010011001101100110010010171100705.
007 1000100 0770. 1111111100 01110011 5000.
0071001111010700. 0000. 0070000011 0750. 0700. 0701 0011.

11. 0000110001.

1. 11101 11011111. 0117010 0101110111 1150.
11011110001150. 1157. mmmmm. 1010110111 1117. 01. 111. 1111110.
0070. 0007. 0000. 0007. 5710. 5005. 1110017001 7107. 01. 01. 0100110. 7111. 01071.
nrm 710010 500. 500. 1100. 0100. 010011.10.70010.017.001Ι1.0001. ³
0700. 5050. 5100. 001. 01. 000. 0000. 0000. 0005.
71. 0010000 1710. 00117101 0010011100 dunum 7000. ¹
17001 1110101 0. 70710 00. 5000. ¹
1700100100 0010000 1007. 0000. 01070 Q. 7110111 00010 00. 70 0011110710
010171. 0010100000. 0001. 5000. 0050.
0001110000. 5. 000. 0100. 0150010000 011001 0170110100.
01001 0011150. 0000. 0005. 00010110 0101100 0000000050. 0070.
110111 700. 0110 011. 0100. 000110 1101111 000171οΙ0 0007.
001001 011100110110. 0105. 5005. 01110100017101101. 0000.
0000011710 00. 0000. 00111101 00111100 0071. 0070.
01101 0. 0. (10 1110110710) 5000. 5000. 0001001 0007000000οι 0017.
701710. 01. 5000. 0050. 011117017111. 01011. 01. 707. 00 001.
70111 0100000010111 10 0110110 0057. 0001100001, 1011171.0101111100011.01111.
0050. 0000. 5010. 0005. 0050. 7010.
77. 70117 1101. 001701. 01. 000. 711001 0111000 0005. 0000. 0005.
71Ιο01110 10 01001100 7101. 00. 01. 0111010 7107. 00. 10. 000. 0770.
010001 111 {oro 1000100110 (1) 10. 001100 0011001οι 0.
11001007 70 01000 011101οΙ0 01. 0000111110 01. 0000. 0070. 5070.
77117 0115077. 0010 01 101011 00071010 110007011001
0717 011 01771100 0001170010050. 0. 111 ro 1111111001.
0110101 500. 07000710 5000. .
11001000 m 011100150θο 5107· 001111110101000001011 1111. 11.
00110111 0000101011 0000. 1050.
0001 1700111000 711110011000 0007. munna. paam 5„ gan, 0000,
00001 0 0101000711 0505. 077101 71111110.
000001 0070 001151. 07100 (110) 10111011 0100.
0010 10101 0000· 1101711 0011101110 017. 0001. 01. 000.
00071 500. 00700100 0101001010 00.
071017150. 0000. commum 7107. 00. m. 1101170.
000111 0101010100 50. 55. 50. Compitum 0000.
7111071 50. 50. 57. 0. 117117010 7000.
07011001 50. . 00071 0011000 1111. 01. m. 710.
70171 700οΙ1 7101171 0005. 7110017100 5000.
7111000 00. 5007. Fon· 00100 0010070110οι 50.
‘virgo 700. 0010. 0001011οι 50. 50. 50.
0111 0001001001 0551. 0001101 101.
000110 707110 707. 5000. 00011000 50.
0111100110 0000. 5003. 01100100001005.
’ 0011 01 0010171 10 1700 7001170 7111. 0010111000. 0107.
0001. 00171. 01. 000. 11001Ιο10 010.
01011 000. 10 000100 7110110 1117. 0100100010 5070.
00111. m. 70770 7107. 01. m. 710. 0001011010 1107. cnm. 01. 000.
00001100. 70 emmone 5000. (0170110001) 1110.
0101 71001171 70 1001000 001010 0001. 0000117001 0110.
01101015000. 00111001 00.

 

