x11. 5551555 vimi. ’ m

55555 55155555 1155155 8018. 5. 5555 85151 8588.
55555 iusque 51555 5555555 1555 5. 5151115 5115555 51 55115855 3888.
8555555155 188. 5. 555 oleo 6515115 5511551855 55-

55555 5155 555551 pristino 55051155 515168555555551151575115115155
iqui 5151555 15815515 57. b. 5555 1115155 8388.
iqui 51551515 operibus 15 55115 ixei· 5. 1115815555 Titini 7088.

iiio 1555 55555115 57. 5. Venerium 85515515 8383.
5. 55115585 7038. b· 15555515 5555555155, 55551555
5. Ausum in 55155155 85155555 per· 5155115115 5511115155 3888.

115515 0838. 5. 15555 5515 5511555551 5188.

5. 5515 5555515115 51 15 5551515. (115- anino· 15166. mo. 3355. 3555, 8059,
1115511551 perduci· 8817. 5505. 8501. 5858. 5030. 7107.
5. 518111511185655151558515555855- 5.Ι Sulpiciam eam 8757.
5155 5388. 11. 555 1511155511 8888.
5555505555 Venafri 8888· 5. 5515555115 3888.
An 5555155. 8581. 8588. 7857. 7358 551. 5. iun. cmii 5555.
5. 5115555 1551551155 55155511 555- 5. 'muium 7515 7518.

5551511 8588. 5. = 55115 555155155 5151185555, 15
5. 0555 1515555 8880. qui inquii 5511511155 7378.
Antrum ductum 8883. 85511155 8510.
8151151· ix commonitio 1555155555155· 566166666666665555,
1155 diiii 8888. 8551155 8538.
Arei, sepulcr. 8388. 8888. 8583. 8570551. 8515155 51555555 15115 1551555 5555155.
5. heinrici· 7858. 7385.
115555 8188. 8155 8538. 8585. 3718.
5. 555 5515 5155555111 887. 838. in 51555 8588.

5. 155155 5151515555555555511558805. Biennium 8.
5. 51555551151075.5588. 8511515555 115555 05515155 1555855

1118555 ·.· 5158888. 888.1

Am 8888337· 3533 333· 85555555 8581.

5. 5515 5555555155 55555515 ium 6666666 6667, iiii. Ι

83733 3333· 8555155, 551151 8581. 8588.

ι. metri· 058· ⁴⁴⁰⁰· 555555 v. chalcidicum.

Ι· 333333· 33338 3333· 85155 iii 5518555155 55551155 iii 51-

⁸· 0137838 3335· scriptioni Pompeiana 7887.
155555555555551155511118.188538. emm„ 6666 ludum 666666 iiii.
81888881· 3333· 11555555. 55555555 88. 80771 5551155111
855555515555 1531 mgni 8558. 66 „sm 66666 mm,
857087· 333118· mm· ⁴⁵⁴⁹· 5555 555. 5151. iiis.

iuvere· ⁴⁹³⁷· 5555155 urium 555.

&undifluum 3333· 55555115 ammom 8588.
85515. 555 55515 85815555 8878. 8888. cmm„ 3⁰73· iiii.

3333· 3333· 3335· “⁶⁶2 4⁴⁶⁷· 05555555511518730.Ι
8851. 8758. 8808. 8887. 5181. Cum· 25⁰4·
83 8833813 3833883333 ''m'‘ ⁴⁴⁰⁸· 5. 5555 151551551558188.
5 5515 5155 55515 155555 iiii· 66666 ,qum 5⁰.
51515155 8588. 5. 1151115 5188.
115155 55511555115158838. 8888. 6666 mi, 4656,
5. novum 1575. 05515551517173.
81151155 88- 055155 815511 8588 ip.
5115515 15650515 1380. flumin„ 72⁰1.
555155 11151551555155 155111 1155155151 6666166 35,

8838. 8515555555 8575.
im. 55 ⁴⁶⁰³· 555555 soii
551555 .·.·. nim 1888. ⁸ 85555 151551 8538 55.
85115555, 5515555 188. 8888. 8880. 05555555 1555515115 8388.
8888. 8885. 8888. 7888. 7088. (15115 55155515 5858.
5515151155 808. 3578. 5. 1551115115 3388.

 

