vn. RES PVBLICA ROMANORVM.

1919199 9777. 91999111 4994.
19991199 9197. 1111999 3991. 9493.
4111991 9999. 1191199111 9999.
Novum 9999. segontiae 3493.
Romae 9499. , 7119911 4999 sp.
99111199 999. ’1111999991 9793. 9993.
’119991991999 3941. 9199191393339499.
311991 9991. 1911111997 3995.
9199199199191911993999. 3949994199. Horatia. 19191119 9999.
11999 9999. 1191991199ίῖ 3419.
13919 9919919911 4939. 1191999 9947.
1919199999 Ν. 3794. 9999. 999191117119.
1199199 3379. 7393. 19991199 9917. 7999.
9911191 3939. Urbe 9911194939.
3999119 933311· Lemonia, 1119191 9911.
99111111 1749. 11111111 919.
1119191 3939. 39999199 449. 991. 3914.
comm, 99199119 7199. 991191 3999.
1199993399· 7314. 9999111 1111. 9171911991.
Ulubris 12³. 19134949. 1391911111 3799.
99199119, 1911991 4999. 9999. 9999. 99191199 99.
'1⁰⁸³- 9191191 3991. 4949.
Arnum 373- 1111191119.
cummi 809. 2¹⁷2· mmm· culn! 597.
1191111199 9771. 91191119 1991.
Nom 8³¹2· 11111991 918.
Nomou ⁶¹³8· 991191 1111. 1111. 1191. 1111.
99191199 3977. 3979. 119111 9194.
99199999199999 3934. Momm. 199191 9199.
9919119 7191. 1199919911 9744.
1119911199, Romu 9991. 3931. 4119. 1191119 9999.
4329· 19111199 3384-
Fabia, 1919917 9999. 119119199913999.
11991111 393. Nucerino 111. 7191.
11111199 99. 494. 3999. 3399. 4991. Pompam 9939. 9919. 3994. 4999.
4999. 7997. 7141. 99141.
1111911 7149. 1111999919 9391. 399137491119933.
19191111 3999. 99119911 9911.
1191191911 9939. omnum, 91119111 7194.
3191113931. 4331. 1119111191111111111111111.
1191919 994. 1949. 9799. 3199. 9991119199 9999.
1191119 3999. {n pago 9999991 191991199 3499.
1199199111. ’ 1991999911, 9174. 3949.
’11999119 9191. 3993. 9191191991 1494. 3947. 9979. 9994.
Fatum, ,4191199 3719. 11111991 3913.
1199919911 4999. Romae 3131.
9991199999 1393. 4934. ’19911 99. 3179. 3499. 4344. 7173.
3911111 1111. pomum. 9999. 1111.
119119 3979. 11999191 3993.
’19191199 3999. 7999. 111191913939111. 3373·
Galeria. 1991199 9399. 9749. 7197. 1199919911 4997. 4139914433. 7149.
19911191 3999. 3999. 7997. 99119191 3943.
ι 99119999 3919. 1119111111. 3914. 9499.
1111911 9999. 999191 9797.
919999 4999· Cumis 9933.
(19111199 3919. 1391991191 1999. 9499.
9991199 9994. 99991119 9994.
1991191. 9999. 1399111 9999. 9949.
Luguduni 4999. 999119 ‘1¹15-
11919111 3999. 1911199999 111 9443.
131119 4949. Lunae 9199.

 

