viil: RES miminis.

1151155 qui 1155551115 5551155155111 55515755.

mh· 34710 ι
55515115 3457. 3471. 5771.
15515155
555555155155 55551.
5. 55555551.
51515551
5551511155155 1515551
5551511555511
515511155
55555155 511515511
immunis
cohors 1 515. 3457. 3471. 17171. 0921„
rig. 551551515513471. 55115 corniculari! 5575,
55155151115 555555155155 55551.
55155115555155
5555155 “
51515551
55555515551
15555555155
15511515
1551515155
115115115155
unctor.

1515. ³560. 5753.

roi. 11 vig. 5155. 5555. 5555, 555558 ξζῗξξᾏᾎθῗθῦ· ⁵⁰³⁵* ⁶⁷⁷⁵· , .

5753. 5775. , e

‘i

15555511155 iiic.
vexillarius 1554.

roc. 111 rig. 5155. 5555. 5555. 5755.ι 151. 5155. 5555. 5155. 5715.

555. 1111115. 74. iiiii. 1515. 74.

1515. 3574. 5757. ciiii.
s 55515115 3444. 5731. ccii.
1155511155
balneator
55515515
555555155151
5. 5155557311.
5. 55551151. medicus
5. 1115551 55115
5555155155 55555155 (551 c. 5555111
55551 curiorum) 5. 511551111
515111 5. 55555515

5555558, amm, ὓ· imef- 5. 5551551555

ἕκῑῖἓξέἒὲἔῗζ, affimat„ 55Γ55ῗ35111ῗ5η11555555155155

c· 11155111 51151.
5 commentarii· 55151. 15515111551555 55151.
5555155155155 51151. 55551551515. = 0791,
c. 55555551. 5115511155 ’
5. 1115551 1555111155
5111551155 15515555155
55155555 555555115155 1. 555151155
55555155 15155111 5551511151
5551555155 5. canturire
5555151155 115115151155
1 115155155 5115155
i i. 55555551. u· 55555115
1. 1115551

ξ ciiii.

 

