vtt. 3135 PVBLICA ROMANORVM.

3111111111
311111111 1111111111 1111111111 11331153.
1111111111 11111111 1133.
11 1111111111 11131111 5535.
31111111130111111111111111111111111111·
rum 3353.
311111111 1111111111 3353. 3133.
epistularum 3353.
31111111111111111111 1133.
1111111111311111111 3111111 3330.
111111111111111111, c. 1111111. 1131
11. procuratores.

Procuratores (11111111 comant. 311111·
11111111 librat).-

3111111111317. 1333. 33115510. 3333.
3333. 3330. 3331. 7133. 7307.
Procurator 31111111 333. 1033. 1333.

1313. 1733. 133511. 3153. 3333.
3317. 5333- 5313. 5333. 3353. 3333.
31111111113111.1331333335705733.
3111. 113111. 3333.
trop. 3111.·11111111111. 5331.
31. 3111111311. tttt.
11111. 11311111111311. 5333.
3111. 1111 1111111111 3333. Ι
1111111 1111 1111113111 3333.

113

3111. 111111 1111111113. 3131. 3533.
3111. 1311111171. 3111311311. 303011.
3111. 1111111111 11111 31111133.

3111. cb 111111111 1111111111111301.

111 1111111113111 1311111301.
111 111111111 11111. 3111111 31111111
’1111111 Aug. Gcr. 301.
3111. 111131111131111133111111113533.
3111. 111111111111 3533.

1111. 11111111111111111111111111111111
1333 ·.·.· 3333.

3111. 3111 31111111 3305.

3111. 511111111111113130. 3331. 3337. “

(11111111111111111111 3111111131113353.
11131111 3111111011 3333.

1111111111 (fx) 3111311111111 1371·
ort-og 3331. 3570. 3333. octo. ·

1111. XX 1111111Ξ 3333. 3313.

111-1.. 1 111. 33 1111111. 103511.

11131111. 111111. (111111. 3111. 31-
1101. 3333. 3373.

1113111111 311111111111 1131111-
com ct 1111111111311111111111 738.
31Ξ481ἷ111ἐ31ὲῧ11111 11 1111111111

3111. 111 111111. XX· 311. 1113111·

1111 111111111113351.
111111111 3333.
1131111111111 11111. 11115373. ·
1111 1111113303.
111111111111 3333.
1111111111 11111113111 11311111 111·
11111 11111111 3151 ε3133.
3111. 311111311113373.·
mengone, 3111111 11333. 3.

turn 11 3113111111 11 Pontum 111-
11111111111111113113111111111,1111.
3111111111 111 111111. 313311.
1111111111 Lyctum 3111111111 111-
1111111 1111111311111111 33301
311111 3330.
(Cfr mum ”symm Ρ· 11⁸¹,
3111. 1 11111111 3133. - 111111111 11-
113111 3333.

3111. 1111111111 103511. 1371· 3337.

1331111111111311111311113037. 3111. 11111 1111111111 103311. 1371·

3111. cd 11111111 3130. 333311. 3533.

1311111111 111 31111111, 3111511111, 111111 1111111111 1111. 0111. 3111131111
31111111, 31111111 3533. 3333. 11 Aegyptum 1133,

11111111. 1113111111111 3313. 3111.1111111111(1111111111111111133.
3111. 1111111 1111. 0111113533. 3111. 1111. 111 1111111111 513.

1111. 111 1111111111 1111111111111131· 3111. 11111111 3333.
111111 1131111111 3355. 11111111 311. 3153.

111111131111111.71111111111111111 111111111111101111 1000.

3531. · 1111. 3111, 3111113111111 1111. 311·

11111. 1111111111 3537. montet Ittctct 11111111 3573.
3111. concrum 1134· ¹¹95· ⁶³³⁷· 3111. 11111111 31111111 153.

‘tumn ⁶⁶¹³⁸⁰⁰⁸¹¹¹¹⁸ ⁹⁴⁶· Proc. 3111111111 11 311111111 3033. r
PM· mmmmm ³235· ῃ Menum„ ⁶⁹¹⁹· ’
3111. 11111111 1111111111 1111 1111. 311111111111111110337.

353311. 3111. 1311. (1) otto.

3111. 3111111 311111 31111111 337311. 3111. 13 111111 11 3111111 (011111) 1338.
3111. 315111131111111 tog. 1. 3333. 3111. operum 11311111113130.
3111. 11 111111 damnatorum 3130. 3313. 3111. ord. 3111111111 3033·

111 31111 3111111111 3330. 3111. 11111111 11111111111111 3333.
3111. 1311111111111 1131111111 3335. 3111. 1111111110 3130. 5533. 3335. 3333.
3111. 1111111111 3373· 3003. 3337. 3333. 3333. -· 11113133.

11111111 11111111 3533. 111. 1 1111111111 3335.

 

