vii. RES PVBLICA nonintioiivti. 117

Proc. nummorum 5515. 5555. 5515515515 55555155 515 55115515 55551-
55551155555555555 0555. mitono 15555. Antonino 51 11555
Proc. captandorum 555115511555 5555. 1555. titio.

555115. 555511 11555551 guno 555151155 55155155155515555555551551551155555

Padum 5555. (cic) 1155555 155155511555 5557.

7555. 5155 051155515 5105555555 5570. 55155155 1155555 15 quinquo 55555155

Proc. vinorum 5555. 5555.

Proc· 11515555 5558. 15 quinquo 55555155 15515555 15155
01. 511515 grincio. 5551515555551555515515551115515-

55115555. notariorum 1585. 155155155. Pio 5555.

55155555. 1551555551 5555. 15555 555551555555155 55155155 51557. ,

1551555 5 (1555555 55117155.
1551555 5555551 5551.
11155155 55 555555555555 5155 55555515 memoratores 5555.
cognitiones 5055. ,11551555 quaestionum, 5555115115 551.
5555555555 5155 55555 1105. o. 15 magistratibus 1115555 551
5555555535 355 555555 5555115115555 ponticae.)
15555 mororum cognitionum 1055.
1077. 5185. 5101. 5585. 5557. 15 55115 5555155, o. comior cetorum.
15555 555555555 cognitionum 151155 1555511 5555155511055 555511 Romani
55155115 50. 5085·
15555 cognitionum 5155 55555 5555. 1555555155 15 concilium 55 iismx.
15555 tiorum 55 551555115511555 555515 51 . N 5555.
5151. 155555155 11551 5555.
55551 555115511 cognitor 5010. 5551555555 551 1551515 55555 555-
11155 55555 15515555 58. 1085. 11551150. motor 5155.
5155. 5150. 5558. 5575. 5575. 55515551511155155151155151555511111555
5575. 5550. ct cohccrcniinm 5551.
(51. 5555155155 0551, 555555551551151· 15555 CC (incontrius) 5185.
coc 551.) 11155155 5515. (1511155555 0050 1511551555
1 5555111551155 5. 5. imo. 1.. 55511511 155.51155555115551551555555555·
555551 5551155515 155. 5555. 51555155 onom 15555511 Romani).
iuriiccr: 51155155 5511155555 5555.

¹⁰⁶⁸¹ ⁶9-OE ‘mum' ³⁸⁷⁷· ί5525181155’,15155851365 1555155 55 555555
55 V 55555115 55. acrimonias.. ι

555 occurro 5555. orco. 5555. iconomo 5555. 5555. onor.
³805· 555155551555558. 5515.

or? 555. 55155155 5175. 5500. 0051155501 Aug· 5555. 5150.
ontio. 5555. 15 55551515515 principum 5555.

or ἶ 555. 15155 55155155 75. ᾗοῗὲξῧῗοτυξῃέοέᾗῗοω-,ξιὲῗὲέω Μ’

ῗξέξξῑξῖοὲιῖ. ἲῶθίῗπω· 0115511051οὲ933515511551555 xi 5555-

55 55155115 5555.

15155 55155155 1551555 5505. mmm.

55155155(55055155151555555155515755. nummu, 1014· 5551, 3357, 5318,
eg quinquo 55555115 iudicum 5155. 5555,

„wormio 555 5555 troo 5555 ⁶¹ (ΝΜΟ ⁵⁰⁰⁴⁶

³789. mo· m ⁵⁰¹7· Μ ⁶852· 1155353ιὶ15551555555555155551515515515
55 V decoctio 555. 1115555. 11555555551555 115515 1155555 5501.
51155155 15 V 55555155 5555. 5105. 5555555555 5550.

5555. 115 551515115 155. 1551. 5055. 5157.
55155155 15155 55155155 51 imo. 5155. 5555.

155. 5155. 1.. 15111 55555515 5155.
51155155 15 55555115 oh 1555. Antonino Τ. cccc. 11151 155. 1. 555755.

15551115 5705. 515 551515115 5555515 1757. 5557.
51155155 5555515115 115115555 5555551555 55 551515115 1511515 5057.

11155 i’io 157. 51555151511515115151555055555 5507.

 

5551151555, 515555155155 55055 o. ¹

