103 vn. RES PVBLICA ROMANORVM.

311111 11 3111111111 3919. 3019. 3015. 3109. 3109. 31133198.
ww mmmmmm
(1111111111) 31111111 5193. 5131. 3835. 3933. 1310. 1359. 5135. 5119.
ammwmmma mmmmmmwmm

11111111111 899. 3111. 1188. 3093. 3018. 3013. 3159. 31533151. 1
Narbonensis 3173. 3183. 3835. 31531. 3130. 3183. 3197. 3133. 1

3018. 3501. 3718. 7033. 1
Ponti 11 1111111111 3358. 5193. 111111111111111111111111113190.
53736181. 11111 1111111111 1111111111Ι 11 S. 3.
81111111 3177. 5131. 3191. 3503. 3150.
111111111111111.11111111113111 111113. 3. 11111111 1111111111 3131.
Augg. 3159. 117111 (1113111) 13111111 1111111111
1111111111 .. 5153.Ι 71931.

0. pro praetore (011011 imporatorum 01111111111 1111111111111111111 773.
appellatione 1111111111 111111111111· 113911. 9913· 9971. 9339. 9730.
111111 provinciarum) 5338. 3011. 3183. 3713. 5193. 5118. 5150.

1111111111 11111111 3113. 5509. 5331. 3151. 3185. 3195. 6500.

- 11111111 773. 9333. 3199. 3353. 3733.

311111. 311. 3113. 3733. 11111111 (1111111111111111 extra 1115111 ·
31111111 151. curandarum) 3158. 3153.

Ab 111111111111111111111111111111- paefatus Cup. Cum. 3133.

1111 1111111111· publicae. 1111· 11

vera pro 1111111111 provincias 11·

111111, ue 3375. 0111111111 1111111111 11 8. 3. 3150.
01111111 ’11 111. 11111111 75311. Cantor mrum 50.

311111111111111111. cypr! 31501. 3111111 1111 1111111111 533.

11111111 1111111111111111399. 9919. viarum curator 11111 Urbem 11111111
3171. 11 S. 3. 111111111111111 3150.

011111111111913111111111111113111- Frumenti 1111111 ex S. 3. 3133.
3001101001. ’3111111111 11111 1111111111 adsignandis

Quaestor 3133. 3175. 3131. .
011111 11111 7111111111 5533. ’1111111111 11111 veteranis 1111111111-
0. 11111 1111111111 1188. 111111.111111111111113105. ¹
Quaesitor 578· Decemviri agris 1111111 1111111111 1
Q. 11111 3133. 1111111111 3138.
11111 1111130139) ⁵92· ·· 1911· ’111111111 1111111111 11111111 deducun-
1111111 0150. 111 70.
1.111113111111111111111111113897. -—---
1. 1111111111 539.
Ῑ·931113093391311139130381619· 3111111111 imporatorum 11 omnibus
...-.- 1111111311 3501.

mvn ’31111111 899.
7111113111111 (1111111111) 3375. 3010. (11. praetores, 11191111, 1113111111
3157. postea, 1131111111111111111- 111111.)
rum 11 11111311 111111113011111-
maffia 397⁰ (?)· 397¹· hMaqistratmassmpwgtoribun'mmmi:

Vigintmr 1111111111 9731. 111116 ·

7111111111 1111111111 1111 argento 1111 Praefecti pnetorlo (11. pr.) 331. 335.
flando 1111111111 9919. 9373. 3131. 11193133. 3157. ³158.3150. 3191·
5003. 5150. 5177. 3007. 3138. 3981. 3393. 3113. 3199. 3111. 3188. 3183·

111111 mon. 9133 up. 3503. 3519. 1391. 1939. 5519. 5531. 55835303.
111111Η111111 111111111131 1
9973. 3153. 3111. 3659. 5117. 5158. Pr. pr. 11111111 1188. 3139. ’

’ 5993. 3050. 33513359. 3139. 3509. Pr. pr· 11111. 5177.
3319. 3315. 11111. 3191.

’3111111111 1111111111 79. 899. 8013. 11113111.711111131111111111.
1111. 1111111111111111111. p. 1111.

3150. 3181. 3311. 11111111.111111111111111111.

1111111111 1111111111 1111111111 133. 511. Veri 111.. 1111311111111183·

551· 530. 333. 773. 890 1179. 9753. 3171. ’

 

