m. nn. DEAE. MYTHOLOGICA VARIA.

tt· 11111111 111111111111111 1101*

11. 111111111111503.

111111. 1111111 1107.

11. negotiator 1110.

11. 1111111111 1109.

11. 1110111011.

tt. 111111 Thysdritanae 111111111111-
111 et 11111111111511ος 11. 5191.

tt. 11111 111311. 1111 (111111111-
1111111111111 ottus).

11. 1111111.

11. ’11111111 (1111) 5117.

11. 911111115913. 59111 1111111111.

11111111 11111 1111111111111111111111
1111111117.

1111111 1101*

11111111 111111 p. 111. Κ. 11111. 11111.
11. lunio 117. 711. 1171. 1111.
1171. 1179. 1110.1107.1111.1155.
1191. 1119. 1111. 1111. 1811. 1013.
1051. 1051. 1111. 1111. 1117. 1109.
1115.· 1507. 3011. 110111. 1091.
1911. 1971. 5111. 5111. 5510. 5091.
5911. 0095. 01310117. 1010. 1791.

1157. 0159. 1115. 7057. 7111.
7119. tutet· 11. 11. 11111. tot. 11,
hnmani· 1901.
11. Aug. 17111. 7110.
11. 111111111111. 1909.
11. 11111111111111111111 1131. 1118.

1. 11. 1111111111.

tt. 010110111111111111.

11. 1111101111) 818.

11. 11110111 1111,”

Μ. 1111111111 11153

11. 11111111 5199.

11. mediet 1111. 1111.

11. 111111111111111111111.

1111111111117. 1111. 1119.

11. 1111111111 1319. 1110.

11. 1111111777.

111151115711. 1131.

naut 1111111 1110.

1111111111110111 1317. 1150. 0019.

11111111 tantm 1111111111 5117.

111111111111111 11. 1151.

9111 11111111111111111, 1. 1111111111·
1111111 0111.

11. 11111111, 11111111111111111 11·
11111 1101.

91111111111111. 195. 1001. 1111.
1901. 1911. 1119.

Dent 11111111 01091.

111111110111 150. 5911. 0101. 1751.

1. 0. 1111111 1910.

11111111 5111.

Deus 1111111 0011.

1). 11. 11111111 putten· 11111110011.

11. 9111101111 1351.

11. 1111111 11111111911.

11

neus 1111111111. 1111111111). 1.
011111 11111.
01111111111111 1911. 1510.
811 11111111 11. 1911. 1918. 1919.
1111. 5015. 0011.
91111111111111111.1101.1579.1909.
111519111011. 1115. 1351. 5111.
1011. 1015. - 11111111 00111.
tt. 11. 11. 111111111115.
l). 1. t. 11. 111111111111110111110111
et 1111111111) 1051.
lt. S. 1. 11. 1111111111 5117.
Numen 1111111111 8. 11. 5115.
1111111111111 111111111111110111.
11111 11111111 111 1911. 1111. 1515.
So! 11111111 1170. 1597. 19171919.
19151310. 5151. 1117. 11111·
111111 1111111111.’
01111111 111 11111111 1111111 1111
0111 11111111 1111111111 5155.
11111111 1911. 1911. 1111 1111-
11111111.
nocent, 1. 111111111111.
111111. 1111 - (11111111) 1010.
1111111111, 1. 111111 0111111111.
Moneta, 1. luno.
11111111, 11111111111. 011 11.
Montes 1107.
11111111, 1. 1111111.
morungus, 01111 -— 1011.
1111111, deut - 1017.
1111111111, 1. 11111111.
111111 tant: 1001.’ 1001. 11711101.
11. 111111111855.
11111111 0110.
111111, det - 5901.

⁸ tt. 11111111 1111.

Nonne. 111111111111- 1011.
1111111111 1900. 1103.
Ν. 111111 1905.

1111111111, 111 ·- 1019. 10111011.
1771. 1775. 1911.

Nemausus. 1111 -1115 1031. ‘2⁰³³-

Ν11111115101.

111111. 1111.

11. tug- 1717. 1711. 1719.

tt. 111111 111111 111111 111111 (ortu)

011 Ν. 111111 7101.

9111111111 111111 011 11. 1791.

tt. 111111 11111111111710.

ΔΕΣΠΟΙΝΗ 1111111111 ΚΑΙ 1111-
tuom ΘΕΟΙΣΙ 5801.

1111111111 5191. 5901.

Neptunus lt. Ptnettn. 11111. 11. lut. 31.
911. 1107. 1119. 11111111 1311.
1115. 1111. 1117. 1111. 1110.
119111. 150711. 5001. - 111111
1111111111. Febr· 111. 11, 1. 110.

 

