NOTAE.

S 1161 4166 111.

8 sigillarius? 4161.

8 11111111 6646. 5516.

8 1111111111 417.

8 6111111111.

8 1111111611 6641.

8 1111611111 1161.

8 1116111111 3471.
8111111,1111111 6766111.
SA 81111111 6215. 6564.
§.A 61111 August· 6121.
§.A 61116111111111611111(1111116665.
8116 8166111111 1116111166.

816 11111611 passim.
616 ,ΔΡ 11111611 publicu· 6716.

8.Α . D 1116 11111 616111111 passim·

811. 6111111111112666,

8111. 6111111146.

8111. 6111111561.

SAL 61111 1611. 1756. 1166111.

SAL 61111112711. 4635. 6114.

616 6111111111 6256.

SAR Sarmizegethuu 6161. 3612.

8. Α.6 6111 Augustae 1111111 1634.“

8. AM 116 11111 616111111 1564.

8..11’6.6 6111111 (Silvano) Aug.
11111111 15116.

186 8111111111651.
8. 6 1111111 1111111111741. 6115.

6. 6 11111111 consuluerunt 761..
S. 6. 11111161 11611111 1165.
866 111611111114117.

66661 1111111 1111111111 111. 1, ρ. 547.

8 . 6. 61. 1).11 1111111 11111111 11
decurionum 6111111 2167.

s.c. 6. 6 1111111 consulto faciundum

curaverunt 6163.
6 . 6 . L . 6 1111111 11111111 11111 61·

1111 1761.
8611 111161 6556.

666 11111111 6666. ,
666. Aur scribundo 1611111111 6114111.

66616. 116 . Q 111161 1111111111 11111-
1111111 6116.

866111 1111111111 1656.

666 . 1166 111161 1161111111 2656.

scu? 11111111 1361.
8611 .Q 111161 1111611111 1546.

661161 1111111111 1654.

’1611111111 1. 1. 111.

6 . D. 6 Saturno 611 nerum 1566.

6. 11. 6. 1 .11 11111611 611 61111 11-
11111 11116111 6641.

6.11. 1.. 6. D 11111611 611 116111.
11111611 6111111. 1601.

6. 1) . 11 1111 6111 11111 6416.

661111111111 1466. 4416.
866 secum 5117.

666 1111111 1171,

666. 11 11111111. ΜΝ, aue· 6461111.

117

666. ’16 1111111 1116111 111. 11, p. 161

666 61111111 61111111111641.
66676 6111111111 5116.

6611 1111111111 6441.

66111. 11166 temper August! 1115.
666 11111111111111.

666 111111 passim.

861. 116111. &purnium 1111111111 6646.
sm 611111116111 1616.

81111 611111 1116111 11111111.

666 8111111 6116111.

666 1111111. 11111 pamm.

ssssQ 111111111111111 6116.

M 111111111111611 666. 1166. 6666111.

6.11 tignum 6111464. 6675.
8.1 611 11111111 4616.
6161111111111 6761.

616 11111111 3676 111.

616 signum 1561.

61611 111111116176 111.

61116 11111111111111111.

6.1.. 11 111111 116111 11111111 1667. 4666. .

61.. 111116 11611611 1161111611654.
611 1161161111 6471.

S. 11 .6 1111111 111111 111111 1666.
6.11,11 11111 1111111 61611 1666.
6. N. 61 4576.

606 111111 18111 1611.

666 1161111 6161 111.

SOL 61111 , 61111116 5166. 5161.

§.P 111111 1161116167. 11111 11611·
11 6166.

81 1111111111 614. 1561 111.

61) spurius 11111111.

6.Ρ 111 1111111 panim.

S· P 11611111111111 6466. 6176111.

6 . P. 6 111 111111111111111111115661.

6. 1.1).1 111 pecunia 6111 61611
45. 46111.

6.Ρ.11.11. 6 su· 1111111 6111 61611
616111111 5166.

6166 1111111111111 6415.

sl> .6 611111 111111 panim.

61ὲ1. 1111111 populusque 1111111111

611.1111161611,11111616111111111111111.

6.Ρ.0611.6.0.6.6.66566.

61011 sponsus 1617.
6.1’.Ρ 111 1111111 1111111115. 5616.

6. 1.1>. P 1111111 populusque 1111·
11111111 6613.

1.1.1.1.1. 1) 111 11111111 1161111
ῗ333111116111111111161111111167.

61241266 111111 11611111 1111611111

6.1>.1.’6.1 1111 1111111 1111111111
11111 4644.

 

