x 'ree rm. 000 murreus.

00010010 0707. ·
000000100100 0001.
0000100 1010001144.
0001110οΙ00 144.

00010010 0005.
000. vu ug. 0470 (1). 0005. 0000. eugenue 047011).
reponerem 68³0·

000. 001 erg. 040000. 00010010 0400 eo.

00. v1 vu. 0000. cuer.

4. corruo 0001110000.

0001 Φ 7057. 00010010 7057.
coh. 1110740.
000. XVII 1054.
000. 1. 11101000. 5407. 5400. 5440. 00570.
000. l 011 (0101101000. 5400.
000. 04101000. 5407.
000. 111 4101000. 0700. 4000010 eculeum 0700.
1114101000. rexeurreoruu 0001-
1010 0707.
000. 111. eu . .· 5400. prece. 5400.
0010. 1. 10000000 0700. prece. 0700.
000. 01001100οο00 1057. 5455. prees. 1057.
000. 111. 011111. 0000000000 5410.
000. 1. equruuorum Biturigum 5410.
000. 1. ,100110000- veterane 154.
000. 00100000 4000. 00010010 4000.
000. 1. errorum 0510. 10100000 0510.
000. 11. 40100000 000. 0041. 0700. 5455. 00001. 000. 0041. 0700.
000. 111. Astur. eq. 0. B· 0011· 0000100113

000. V. 40100000 154. 229· 58ᾭῖοέῗῂ

000. .. Actorum oedeeeee 0470. ἱ 'mmm' ³⁴⁷⁹·

vexillarius 104.
000. 1. 00100000 01001100000000 5407.
000. 11101000ιο amalitanorum 5400.

000. Aug. 1. 62³! 00001. 000.·

000. 1. 000100000105003. oreos· 5000. 5070.
(0000010000) 5440. 5455. 5070.

000. 1. 0010000001755. 0400. 5455. 1000011755. 0400.

000. 1. Belo. 0750. . 000000011000750.

000. 11. 010010 00000000 0057.

000. 11. cercurum 0755. creet. 0755.

000. 1. 00. 0. 4070.

000. 11. Brecereugueeeooruru 1410 00.
ωιέὶιέἔ.1ὲ5006050000000100000000055.5440. 00001. 0555. 0505. ·
000. V. Breoereug. 5017 = 0050. prees. 5017 = 0050.

000. 1. Breucorum 100. 4070 (11. orcos. 100.

Breucorum 00011. c. 0. 0051. 00001. 0051.
000. 11. Breucorum 0510. 0704. 00010704.
000. 111. 0000000. 5007. oruc!- 0007.
000. V. Broucor. 5400. 0107. 00001. 0107.
000. Vl. Breucor· 0000. creor. 0000.
000011. Breucorum 5400.

7110000000. 0101000 000000. 00001. 0700.
00011010 0700.

 

