vm. RES ¹IIILI'I'AIIISL

culi. 1. rerumrerum 9666. 66661. 3636.

666. 1116564651ὂ6166661 6166166166616 66. 66661. 5656.

6. ii. .

666. 11. Pruuunlurum 6667, 66661. 6667.
666. Ulpi· Peireorum mll- eq. 516. 1616. 516.
6611. vll· 6666166166666 66611616 3665. 66661. 3665.
666. 1. 1166166661 3576. preel- 6576.

666. 11. 1166166 (i) 6966. 66661. 6966.

666. 1111. 1166166666 6966. preel- 6966.

666. 11. 1166166661 6966. 66661. 6666.

666. vl. 11661. 666 -...· 765. 66661. 666 3765. ’

666. vll. Raetorum 5616.
vll. 11661. 66611. 516. praei. 516.
666. 11111. 1166166666 5666. 5636.
1111111161. 6. 11. 5666.
666. 1166166661 61 vindelicorum 663.
6611. 1116. 6666666661 663.
666. 111. 66611166161666 666. 66661. 666.
666. 6661616 3666, 66661. 3666.
666. 1. 6666666666 61 116666666661 5665.
1. 666. 611166666- 6796. 6666616166 6766.
666. 61166616611616) 6661.
666. 616661661661 566. 66661. 569.
666. 1. 6666666661 5655. uriel. 5655. ·
6611. 1. 6666166666. 6766. 66661. 6706.
66611. Thebaeorum 5365. 66661. 5365.
666. 1. ’16666661 5616. 5663.
· 1. Three. 66611. 6769. 66661. 6766.
1. Threcum 6. Β. 5666.
666. 11. Tlrrreum 5666. 5666.
6611. 111. Threcum 5666.
666. 1111. ’16666661 66. 1569. 66661. 1566.
1111. 76166666661666566636966. 61661. domuum.
666. vl. Threcum 5636.
666. 1. Tungrorum 5655.
i. 66666. 1611. 3399. 5666. 66661. 3699.
666. 11. 16666. 5961. preel- 5661.

11. 6666661. 66. 6. 11. 6766. { ''¹¹⁸'' ΜΨ·
princeps 666.

11,Tungr. 6666166616. 66. 6761. maffia

666. 1. vangionum 5655. 6765. 1616. 6765.
1. 11666. 1611. 5666.
611666. rull, 616 666116 666661-
6661116761.
666. 11. verendorum 66. 3651. 66661. 6651.
666. i. vardulorum 5655. 1616. 5655.
1. 666 1166661. 6. 11. 5655.
1. 6611166661. 6. il. 66. 16115765. 61666 5765.
i. 6661166661. 6. 11. 661611. 66-
166161666 3666 = 6766.

666. 11. 66666161. 6. 11. 66. m. 3663. 1116. 3663.
coluri. 11666666 verounum 6. 11. 6563. 66661. 6563.
666. Ubiorum 5156. 66661. 5156.

[16166. peditum 6166611661 6966. prael. 6966.

666. 1. 1111166666 66566.

66611. veierrrrorum 3677. 61661. 3677.
1166. vlll· rerlllrriorum 6766.
666. 1. vindelicorum nlllrrir 66566. uriel. 66566.

666. 1111. vindelicorum 5616.

virid. 1616616666 6676.

 

