16. RES SACRAE. 65

Τ. 11661111 161. 16 66606161.
111111 1111666661 5660.

Τ. 6161116111161111611111156036516.

T. 6116111161 166161111011.

Τ. 61166111611111111 6510.

Τ. D. 6111111161 6606.

Τ16111 1111161161 11611 111661 16 01·
1116116 5607.

1611111116111661 6167.

Tenue 111611111 11 1111611 1111111
1161616 1616 111111111611161110167.

Τ111111116611111616 11110616 66705056.

Τ. 1611661 6060.

01. 11111111161Ἇ. 6756.

Τ. 6161611661 6516.

’6616111111 6507.

7116661111 6111 611111 6006.

711161 166111. ,

611111111611161111 1111111611111 1666.

6. 11661161 (l. 1. 61111111) 16111611
1111116111 1616.

6. 6111106111. 0111111 11111.

66611111 1111116161 w 5⁸1! 5661 11.
6117116110.

161111161111661161116 16111616 166·
1161 111111111 1661111.

6166111611 16 16611116 1661161616
1161. 6670. 1161111111 1116 1111111116

1166116111 16111111 1166. 11671166.
6151. 6666. 6651. 6656 (1). 6161.
6676. 5051. 6616.

6. 16. 116611111161111616 6666.

66611111 6111116111111 1161.

6. 6111116666. 6656. 6165.
11661111111 1661161616 611111

66611111 161161611111 6166.

66111111 61111111 161161 6160.

66611111 1111111111 6676.

Quo 116161111611611161116111, 61-
1111, 611111 61111111 111111111 611111
1161. 1. 5656.

(66606111611661111116611611161166·
111 1. 16111.)

1. 6111166111 115161111111 11111111. Ausum 611. 565. 561. 5116566565.

6111166111 111111 1115116666.

a. 0611166161161661111111111166111111
161661 16111611 v. 5657. 661. -116-
111116111 1116111666 1111111111 66·
6161 16161111 6111611161 1111111111
111111 11. 61 6616116 661, 51 61
61111116 666. 6601 do Nerone 1111·
1111 1611616111 65ος 0661111661
11161111 1111616111 11111661 6111161
166111161616 61661661 706. - 16
61111111 1111111 11161. 11. 66 0061.
1166116111 611. 511. 566. 506. 666.
061. 650. 076. 067. 756. 606. 600.
666. 1175. 166011. 6115. 6156.
6665. 6275. 6676. 6676. 6161.

576. 666, 6. 061. 650. 655. 656.
060. 066. 660. 766. 666. 660.
636· 1105· 1176. 1166. 1551.
1666. 6666. 6665. 6666. 6665.
6656. 6006. 6656. 6676. 6066
(= 0666). 6656. 5656. 5656. 5666.
5665. 5665. 5650. 5066. 5766.
6017. 6051. 0676. 6667. 0666.
0666. 6661.

0611111161 16111661 611. 666· - 61·
161111 11610061.

Augurum 11111 0061.

6611111 1651111 161111 6661161 061·
1111661 6160. 6666. 6665. 6106.
6161. 6066. 6661.

611111616111 0066.

6506. 6701. 666011. 6136. 6168. 01111611111111111111661111556ε66061

, 6156. 6166. 6601. 6666. 6161.
6600. 6665. 6667. 6515. 6566.
6566. 5006. 5666. 5677. 6007.
6666. 0665. 6666. 7066. 7661.
7160 1. 11. Pr· 16. 11111116.

61111111 1661101661 11. 6166.

06611111116 166116111 616111.

P. coelorum 61011. 01711.

0611111616 1661161161 766. 1161. 6166.

116616111ὶῖΑ glun 616161 1111 (1.

61166 6166661661 6165. 666611. 6667.

Pmoun 11111611116 61 111611111
11ξὲ6. 6665. 6515. 6566. 6560.

161111 0616611161111 111111 111166·
611061. 050. 656. 660. 660. 766.
6163667. 610. 1100. 11861606.
1106· 1600. 6663. 6601. 6676.
6651. 6656. 6675 (corr-l. 6665.
6616. 6660. 6066111. 6166. 6151
56166. 6166. 6165. 6161. 6556.
6676. 6715. 5651. 6016. 0016.
6060. 0066. 6106. 6506. 0516.
0610114166 161661116111661 111. 111.
1111111111 66111661 705*
6166111611 1611. 66111661 111. 111.
1666. 6666.
6116111661 6611116161. 111. 6606.
(0116611161111111 1111166111 1. 1611·
111661111 166611111111161.)

66111116111 16111111 611611161 6 111616 67.
11111111 1111611111661 1661101616 611116111111116611 1116166611 (111

1111111161 6661.

66161161 111111111111111161 67. 776.

 

