111 numero 11111555 9589.

05111155 51515551 11151511 5155.

1155115151 5555.

81111111 995.

1155551151 11593

5555551551 D. 5551. 858711.
71. 5155. 51111. 9981.
1511159891.

Redemptor 5 1155 8551557979.

1. 5515515555 5795.

1. 5111117978.

1. 5151555551511151155115515511598.

1. 51541551 1551155155 5151555155

1. 115555511 17181 51. 9585.
95111555 1151115151 9555. 9555. 9578.

9588. 5978.

1. 515 9555. ’

1. 1515111151 9555.

55515115 1555115155 9555.

11115151, 151511195. 9588.

1. 51511111 5511515555.
115111511895.

1. 15 551551 9555.

1155111
5555555 15515 15511115 11151515515
55551111 1551 1111151 9579.

1. 1. 55555155 9575.

1515151 1. 9575.

111515 15511 5189.

15511 1111551 9585.

85555555 5175. 7978.
8555155555 5975.
85111155 988.

5. 5555515555 5975.
8511115111 1155151515 9588.
81111111599.

85115151 5515551551 9551.
8111511151 5995.

85515551 1155151515 9559.
8115151151 7975.

8515151151 555. 5879. 7975.
85555151 5189.

15. 5551151551 9559.

15. 511551 9558.

55. 5111519519.

111151 5551551515 5511. 9519.

11. 11555555 9599.

11. 15155555 1555 51 1551511151 9595.

1155555 15555155155 9597. 5188.

15511 11555551 9559.

51. 55115115.

11551551 1555111115 511. 11111. 11.

5111. 9558.
85111111 5571.
851111511551111551 9157.

55111151 5978.

8511111111 111111155151 55991 of. 55111115.
811151511551 5859.
85515151 1555551. em.
8111551115515151 9559.

xl. Aures ΕΤ 01181515 ΡἎΝΔΤΑ.

8155551151 (= 555555551151) 9559.
851151 11551.. 71. 551. 115. 9995.

1511. 10515551, 05111115 551. 5515111

5551551551 89511 o. 55115115.
8511511551 9958.

151. 15 51151555, 551. 1. 5855.
8515111151 9955.
855111 9558.
,855551551559588151551155155,515155151.
855151 5995.

5. 5515511515 5151151551515978.
secundorum (1) mor-7¹5& 11. 155115

151. W. 11. 1. 5. 15115151, 511555
od 11. 9555 55551551.

85151511155151519571. 9579. 9588.
851515515551 7978. ·
8511551555 5517.

5. 5515115515959.
85551111 9955.
8111551151 5979. 5981 (1).
5111151 511551155 5989.
8115115155 51555155 5551. 5. 8999.
811551151151 551. 115. 9955.
81515151111151 5988.
85151551 5918111.
815515115 5859.

8155151155, 115551111551985. 5995.
8155151551, 51555151111151 51111111·
1111111111 551. Ι. 585115859.

11. 55515591115511515 (1155155151,
5115551511 5858.
51551151115551) 8955.
8115511155 1511111155 grndintombon 5.
s? 111 1115111 1151515111.
8155511115 5555.
81555111151 7915.
81151 1151115151 9571.
8111155111115111 55151515555111 9855.

’ 8111151 5997.

111. 15551111115998.
811551515985. 5855.
51155111, 11111 5155511551. 115. 7181 51.
1115111151 5 51115111 111 5115111 15511511.
11555155 5 51511111, 551. 115. 9958.
11111151 151155115 5959,
815515551 51515551155 9589.
81511111 5151519558.
51. 1151111115. 9555.
855111 887915. 55111115.
8551155551 5851 (1). 7189.
8551155511151555151 5515115555, 551.
8115151551 (515115151151551, 5151. venne

8551111551 5555.

5. 55115155 5515511151551 9855.
8555555155 1555155155115 9585.
A 1515551515 8555.
1151. Ρ. 5155. 5., 551. 1. 9957.
51511115 1 5511155151 1515551991·

 

