· Megalensia 11. 61. 11. 1111.

61111111111111 6366.

111111 11111111 1611.

Ν. 616111111615.

11111111 1111111. 111. 6115.

N. 11111111 6666.

Ν. Del 1111116533.

61. 611111 11111111116666.
1111111161, m· 11111 111. 11, 1. 361.
611111 11111. 61111. 1616. 11. Dee.
0111111111 11111. 6116. 6111. 61. 11111.

11. 6111.

0111111111 6131.

6111111111 6336.

6111111611. 6161. 111. 11, 1. 666.

611111111111. 6116. 61. m. 111.

6111111, ι. 6111111.

611111111, ι. 1111161111111 1111111111.
111111 161111111611111111111, 11
611161111111 1111111, 6117.

6111111 (61111111) 1116111 6313.

61111111 111611 6316.

611111111111 (611161.) 6356.

6. 611 1111116111.
6111111111 761.

611111111111 11111. 6116. 11111. 11. 11111.

6111111111 11111111116676. 5651.

611111111111111.6116. 11111. m. 111.

61161111 equorum 11111. 6116. 111111.
1111111. ιιι. 6111. 11611. 6115.

611111111 16 11116111116116.

6111611111 167611.

Quando 111 11111111 1111111. Venus. m.

61111.
Quando 11111111 61111111 1116. 11. 111.
6111111111111. 6111111 111. 11, 1. 366.
11111. 6116. 61. 6111. Vn.

6111111111 11111. 6116. 6111. 11. 6161.

6111111111 1111. 6116. 11. 6161.

11111111 6111111 111111111 1666.

111111 6161111616.

1116111111 11111. 6116. 61. 11. 1111.

11111111 6116.

61111 1111111111 1166.

6. 6111111111 6173.

6. 61111111 6166.

6111111 11111111 1161111 613. 3676.

6. 6111611 6357.

6. 611111111116163. 3665.
stertentum 116111111 1111. 11111. 11611.
611111111111111111111111 6633.

Sacrum 1111111, 11. 111. 111.11,1.361.
6. 611111, m. 61111111. 11, 1. 366,
S. 6111161111111, m. 1111111611,
6. 11111111. 11. 11111166.

6. 1111 6111111 33.

6. 111111 11111111 1116.

s· 1116οῃ18 OM·

S. 616111 m. 011. 111. 11, 1. 361.

6. 6111111111 11. 11111. 111. 11, 1. 366.

1v. 1166 61161166.

6. 611111111 111. 61111. 1611. .
6. 6611111 m. 111. 111. 11, 1. 361.
S. 61111111. 6111166.
6. 6111, m. 6111. 166.
6111111 111111111 6161.
6111111 11. 111. 111. 11, 1. 366.
6111111111 11111. 6116. 1111111. 6111
111. 11, 1. 361,
61111111 116111116165.
611111111 613.
611111111111111111111661. 1766. 6676.

61111111111111 613. 5356. 1111111111.

6111.

6. 61111 16 111 1111111111111161111-
111 5366.

6. 6111 111111111661111111111116111.
61111 7111111611. 6111161611
1111111 61111111 3167.

6. 61111111 116111 5356.

6. 6111111116 11111 11 611113) 156.

6. 11115356.

6. 6111 111111111115356.

6. Peme 166.

. ’1111161611 6166. 6363.. 6366. 6336.

T. 6111111 1). 61. 1. 6366.
’1111161111 11116111 (111) 6353.
’611111111111 116111111 6367 = 6633.
’111116111111 111111 6365.

Τ. 1116111 6366.

T. 11111 111111, 11111111111115761.

Τ. 111111 1111111111111116336.

Τ. 111111116331.

T. 1111111 11111 111111111 63115.

’1111161111 11111111111611 6353.

Τ. 11116111111111 1666.

T. 1111 11116111111 1666.

Τ. 11116111111111111111 6611.

T. etque perceptum 3136. 6661.
6335. 6616.

6111161111 111161111111 11 1111111111
111111163561 11. 1111161111 1111
mmemnmm.

’6111111161 11. 6116. 11161611 11611,
1. 366. m· 6111111. 3763. 1676.

7161111111111 11111. 1616. 6111111111.
6111. venue. 11. 61111.

6161111111 1116111111 6365. 6631.

6111111111 6116.

61111111 1111 61611111 1163.

6111111 111111. 111. 11111. 6116. 6111.
61111. 11111. 1111111.

61111 111611116336.

V. 111111116366.

6111111111 11. 1111. 111. 11, 1. 361. 736.

3111111161 11111. 6116. 6111. 6111111.
111111. 11611.

11116116.

V· 11111, 6111111111 111 same
1111111111617.

 

