. Ν. 1616111 1666.

Ν. 66161161 6616. 5666. 5665. 6665.

Ν. equorum 611111 1661.·

Ν. 11661 6661.

torrorem, 1. 61161111.
urere. 611 - 6667.
Ν111611615657. 5656.
1111111 6616111 6666. 5665.

1111 Ν.. 1. 1111.

Ν11111, 61111 611 - 165616.
Ν1111161 5666.
Nomen 1616111 166616.

Ν. 661111. 606. 677. 661. 666. 666.
1666. 6666. 6666. 6656. 5616.
5666. 5656. 5676. 56661 1. 1661-
1111111 11616111.

Ν66111661. 666. 667. 1666. 1665.

. 1666. 1661. 6666. 5676. 6567.

Ν6611 116116111116111111 57561.

Ν6611 616611616 6166.

Ν1616 611 61111161111116161 5651.

666116111616 661. 665.

Ν66111661. 11616. 611. 677.

Ν1611 6111166 6611. 5666.

Ν66116161111616 1666.

Ν16111 6116161166 6666.

Ν6616 611661 611. (1616. 6111.Ν11-
111 1.·1111610116. 1111111) 1565.

Ν6611 domur 66111111 11111111 611·
1161 111611111 1566 = 6516.

Ν6611 616616616111165. 15662
6516. 6666.

116616 6111161 6611111166 166616.

Ν66116 1116161116111 1776.

Ν6616 6111111111116. 6111. 16. 61-
1111166111111 661. 1111111 611111·
6116551.

Ν6616 imperatorie (6111111) 766.

(711111116611 6611111661 611166 r.
16 6111 11116111).

Ν66116, 611 - 6666.

Ν661111161, 1. 61111.

161616165666661· oo·
5765. 7665.

11111 Ν. 7166.

Ν. 66661 11111111111166616.

Ν. 661. 1666. 1666. 6666. 6656.

Ν. 1666111161661. 1667.

N. 61111111 5756.

Ν. 61611111115767.

Ν. 11616115756.

Ν. 6111111111 6661.

Ν. 11116666.

Ν. Ν1111611. Ν11116115766. 5766.

Ν. 61111 1661.

Ν. 661. Pereeroee 5766.

11161611 Ν. 66161111 6611111111) 1666.

Ν. queo 166 11111 1111166616.

Ν. 1116611111 166616.

111. 1³11. DEAE. MYTHOLOGICA vem.

N. 111111111111 11611111 1111116
66161111616 (111) 111. 1666.
Ν. 116111111611 1665.
Ν. 11111111661.
obsequens, 1. 6110.
06161111 1557. 155616.
0611161111 1111. 6116. 6161. 6161111.
61111. 16. 661.
0611111. 6161. 6611. 611111. 61. 611.
0. 611. 6665.
6. 611161 166616.
01161 6561.
01111161. 6161 ·- 6776.
011111 1661.
01116111, 1. 1111111111.
011111 1665. 1666. 6766.
11111111 1766.
611111 655. 1666.
Ρ. 1111111 6616, 6.
Pro 1665.·
61611161 5716.
611161666116. 6111. 6116. 6661.
P. 611. 6111. 5666.
6161611661 Ρ. 5666.
111166 Ρ. 6111. 6116.
6111111776. 6666. 6656. 6666.
Ρ. 661. 1776.
61116111, 1. 611 6.
Peter [11111161 1656.
Per 1670. 5650.
P. 1111111 61661 imp· 6116111111 611·
11111611. liberorumque 1161716.
Ρ. 6616111 11. Pr. 61. 111. 11. 6611.
16. 16111. 166616. 1665. 6665.
Ρ11161, 611 - 1656.
P. 6111611 165516.
Ρ1111111 1566. 1675.
1111 6111. 11. 6. 666. 656. 16761677.
167666555770. 5661. 6166. 7161.
P. 61611 111111616616.
P. 11611111116116.
Ρ. 1661111 1567.
Persephone, 1. 6111116111.
Perre genetrix 66661.
Phene 111. 11, 6. 666.
661161116616167. 1111116616111111·
11111 1661116661116611 11. 1666.
6111111766. 1666. 6661. 6577.
P. 66161111665.
Ρ. 1111111111111111111111 6616.
Polemone 111111111661 165716.
61611 1676. 1666. 6766· 6616. 5711.
11111161 P. tricorpor. 6666.’
Ρ. 61111111 1676.·
P. 1161161161 1666.

61161161 666. 666. 6661 1. 16661111 Ρ·
6111611566. 156516. 1566. 1571. 1661.

mmmmmw
Pomooee 1661.

616111 61611661 6676.

 

