V. IMPERATORES ET IMPERATORVM FAMILIA. Ι 81

Qb. 11111111. 111. 11ἷ111.

11111. p. p. 111111. (1. 300) 5500,
1151 1111.

Imp. 0111. 51. 111111111111111151111·
1111111). 11. 11111111 111. 1051.
10511050. 5501.

11. p. 3803.
1). ιι. 51.-11111111111111111.1050.

1115. 11.-11111. 111Ῑ1Ῑ. 11511. 0111.
(1. 000) 5500.
111. 0111. - 11111111 1111111111

111.-1111. 111. 1115. 111. 51-1.

1111. 11. 1111. 1. p. ρ. (1. 005)
11111311. 11. 111. 1111.
11111 0. 1111111 1105.

Fortissimus 1111111111111111) 11· 1), ῃ, mm. Augunfflezmanmcon.

1110111111 1111111111. 1. 111. 0111.
51. - 1111111111. 5501.
0111111111111111111111. 1. 51. -·

1111111511. 1050.
1). 1. 5111111111 11111111 1111115111.
11111 impp. 1101111. 1050.
1111. 51. 111. 1054. 1350.
11111111 11150511. 1055.
51. 1111111511. 1050.
11111111111111111 5111. 100111.
111111 51. 111. 11151. 111111 55011.
11111151. Aug. 1005.
51. 1111111111 Aug. P. F. 111. 1115.
p. 111. p. p. 1058.
51. 11111111. 11111111. 1115. 111.
511. 111. ρ. ρ. 111111 1111111111
(1. 187) 0011.
5111111 11 11111111 11 super 11111 11111
1111111111 1111111111111110111. 51.
, 111. 111. 51. Pius 11111 11111111

511111. iffi. p. 1. 111111 (ι. 100)
1111111111.. 51. -· 1111111111511. pont.
11111. jur. mag* 0111. 111. 1115.

111. Χ. 111. 1111. 1111111111.
(1. 105) 507.
111111111111. Aug. 11111111. 0111.

1111. 1. 5111. (1111. 1111. Ρ11111.

1111Ἡ. 01111. 111. 011111. 111.
51111. 111. 511111. 1111. 1111511.

1111111 1111111111111111 [1111111111
1. ιι. 0111111111 111111 1111111111
1111111111111111, 1111 111111111
nostrorum 11. 0111111111, 11011-
1111111 5111111111111 11 11111111
01111111 10751 11. 00.

51111111 0111111111 111. 11111111 11

1151011111 1105.“

Imp. 0111. 011111111111111111115111·

1111111.

011. 111. 5111111111 115. 011111
1053. 1050. 5561.

1). 1. 011- 1111111111111 51111111-
11110111. 111111111111111111 1000.

1115. 0111. 0. 011. 11151111111111

1115. 0111. 1. ιι. 011. 5111. 01111111
111. 511111. mu. 0111111. 1111.

51111111111115. 0111. 510. 1350.

0115111. 11111111 1111111111111111
11111057.

5111. 1111111111. 1050.

011. 111. 5111. 507.

011. 111. 5111. 0111111111. 8111.

(11111. 011111. 111. 11. 111111.
111. 011111. 111. 5111111. 111. ·
51111-111. 51115. 11ι.’ 1115.

p· 11111. 111. 111. noh. 0111. (1.
300) 5500.

111.1115.)ρ.’511ἷ111.ῆ1111. 111· ⁶⁰⁶³· FW’W 10111111 swam

11111. 111111 (1111) 1111.

Imp. 0111. Flavius 11111111 0111111151

,111. (0511111).

1111111 11111111 0111111011 115.
0111. 1050. 1058. 1050. 5151. 5501.

0111111111111. 111. 1000.

0111111111 115. 0111. 5101350.

Perpetuus 011111 0111111111 1055.

111. 0111. 011111151111111) 111.
0. Plus 11111 Aug. 5585.

11. 1. 1111111 111. 0. 11111111 11
11111111111111111. 1057.

111. 511. 111. 01111. 507.

0. 1111111511. 1050. Ἀ

111. 111.011111111110111. 1111. Q

01111. 1111. 11. 011111. 1111. 11.
111111. 1111011111. 1111. 11111111.
1111. 511111. 1111. 1111511. 111.

0111111. 5111111111. 1111111. 111.

119.
Imp. 11. 111111115111111 111011-
111 1000.
Ι). 1111. - 115. 0111. 5100.
115.1111111ι11111 0111. 1057.
0111111115. 0111. 1050.

Imp. 0111. 011. 1115111111011110111).

Maximinus 115. 0111. 1050.

0111111 111111115111111111111) 115.
11 111111111110111. 1557.

1). 1. 5111111111 1111111511. 5570.

5111111111111. 1005.

111. 0111. 51. 11111111 5111111111 111.

5511151111111111111111111111115570.

111. 0111. 51. 511. 111. 1511111111 1
Ρ. 111. 11111111 Aug. 1007.

1111111111 perpetuus 111. 1000.

11111111 Aug. 111111. 1111. 1115. 111.
1008. .

 

