ΧΠ. 10116111171111.

711111111111111. 11111611111111, 11-
fluuium, 111, 11111111 1111111111
1111111 6111111 3996.

1. 1116111111119669-66. 6166.

1. 11111111 6316-6317; 11. 111. 11,
’1111111111 6639.

’1111111111111111111 1369. 6791.

. 711111, 1111111111111166631.

’1111111111 3993. 3793. 6196. 6399.
6693. 6696 111.

16. 1111111 3996.

16. 11 111111111111 3393.
1611111111111117199. 11111111113976.

Comi 1179. Foru 1111116963. 1711-
11116993. 3111111 1193. 111111-
1111 6966. 6699 111.

16. 11111 1111111 1111111111 1396.

16. 111111111 1111111111. 611111. 6963.

16. 11111111 01111111· 3667.

16. 1111161111 11111 Ostiam 3397.

16. 1111111111 Tamum 6397.

16. 6161111111 Tausius 6693.

16. 6111111111 11111111111113976.

16. 6111111 61111111 6691.

'situlum 1611111111 6963.

1111116691.

1111111636. 7379. 7363. 7691.

1111111111 6199.

’1111 11111669.

1111111 9791.

1.1. 6111 6911.

1. 1111111111 i). 6111111 6666.
’111111111111111111 9971. 6961.
’1111111 11111111 dracunculus 1679.
’1111111 393911.

’11161111 3999. 6666. 6999.

11. marmoreum 1111113369.
’111111 9999 ..-·. 3639.

’1111111 6337.

111111116669.

’1111911111 67. 1363. 3673. 3669. 6163.

111111111111 9971. 6966.

’1111111111 6713.

’1161161111 6369.

7111611 (6111116111 9699.

’11111111111111 111111111 3636.

’1111111 11 11161116617.

7161111196.

711111116369 111.

1. 6111116666.

11111111 111111111 666911.
7111111116666.

Tus, 1611 insumimus 7996. 7177111.

711119697. 67961967. 9736. 6639.

1. 1 1111111119669.6166.
7111111699.

1. 1611111 6199.

711 611111111 6613.

7111111111 1666.

7111111611111111 116.

71611 111111 91111111 391
11611 11111 61111. CCCC 3779.
7111 in 111169611111 9666. 9669. 6616.
“ 6166. 6167111. ·
7111611111, 1. in 111111 1111611111.
7111111 1366. 9919. 9616. 9639. 9616.
9666. 9669. 3799. 6616. 6161.
6166-6179.
1. 1111111111) 9633.

vermiculum 111111116969.
71111 3676.
7116611111 111116911111111111117366.
711 cum crepidinibus 111111 3666.
1. 6111111 111111111111111 6616.
1111 1116111111 6339.
1. 11111 111111111111111111 111. 71 1111.
11111 11111116163.
11111 11111111 3969.
1. 11111111 7967.
1. 1111 111111111 1111 16111116
111111 3669.
1. 11111161111111161111111 939.
1. 1611 111111 111161 3316.
1. 11111117397. 7396.
1. 1161111 6193.

71111 (611116111111611119666. 9671.9637.
1. 11 1161, 1111111, 111111, 111111,
11111111 <in 11111) 6179.
7111111111 3191.

711111111111 6667.
11111 ferundum 111111111111 6669.

711111 1111111116369.
111111 11111111 1111117391. ·
1. 11611113961.

7111111 6691. 6666.

71111111111 1111111111111

11 1111 11111111 meum 1111111111, 111-
11111 1111111 iis ix 1691.

11116111 111111 quoi 111111 111111,
11 111161111111111 (uici 11111111

111 1111111111111111111111111111, 6111
1111111 1111117319.

16 6111 tumulum 11 161111 6731.

11 quii 611 11111 111111, 11 1111
11111111 7336.

11. mulia.

71111111 7391.
Α 111111 1111111111 111111 6696.

Vir: 11111111 3399. 1666. 6196. 6669.
1. 1111161911.

Virginius 6913.
virgini· 9719. 7366.

7111111111 136. 3366. 7166 111.,· 1. uii-

11111111.
711111113976. 6667.
71111111199. 6936. 6693.

9111 9619.
91111111, 111611119719. 6639.

 

