000 0010000107.

00110 0000011101 0110.

000 0010 0001. 0015 001.

CVR 0011110000 001.

000 0111010101101.

CVR eurio 1071.

000 . AG 001101 egene 0110.

000. iiiii eureior 1000010 1001.

000 . 00 1 010.

000. 100 0001001 10000000 0010.

000 . iiii. 0011101 1110001111 0001.
1101 001.

000 . i> .i³ 0001101 00000100 00111010

000. ii.i³ 0011101 101 00111000 1001.
0170001.

000. viiii 0011100 riorum 50.

0.0.0.1.11.0.111 5005.

00οΤ 0 0101.

010011001101 (uuio) 0070001.

0 00010111 001. 1700.

ἶ) 00010110100.
ἶ) 000011010οο.
[Li. uruiierir iiboriue. 1100111111 01. 0000.

[Luc 00111110110101 0001.

0 000001110001.

0 00010101 1050.

0 0000010 1571 001.

0 0000111 0570 000.

0 decuriones 0010. 0001. 7011 001.
00001 1110.

0 00000101 0001.

0000101.

0010010 1071.

00101057.

0, ii 0100 101. 7051001.

0011011110.

0 0011000000 0501.

0 001110 0100. 0551. 1100.

0.0.11.0.0.010011.

0.0.11.7.0.010500.

0. 0 0000110 00100110, 01011101 0000.
5010 001.

inc. 0000110100 00010000 7077

011010001100000010011000110110000.

0.0.0 00 00100010101011 00010001
me! w⁹fl

0.0.0.0. de nonrorioiorurn 00010οι11
00110001 7101.

ii. 0. decreto decurionum 001110.

00 00100070.

0.0 0111 0011100 0100.

ii ii 0010101 000 norrun.
0.0. domne 011101 100 01 0011101.
Μ) 000001.00000010; 0001010001.

1000 001.
0001101 donnini 0500001.
000 0000011 00010111111105001.
0.0.0.101. noereio 000011010010·
eurio 10100101 1100. 7011.

xm. riom.

0000101011 11011001101100111111.

000. 11011.111. 111. 1101100101001111
0100111110. 1107.

0 Ii ii 0110 0010011 erio 7101.

0.0.11. 0 1001010 1000110100 iio
000100100111 5000.

001.] 0000 00011111001001111

001111 donnini 001111 010 11000111.

ima-GP 0000010 1000111000 0001100

0. 0. 110 1001010 decurionum 0000010
0011100 1011. 0700. 0771. 00000010
100 nonomine 1101001111 norm
00010 011 0001111110 0100010000 001
0110110101 5005. 5010. 5100. 0500-

0.0.0 00 decurionum 00010001 0010.
005117 100 000000110ουοι 10010001
1001000010 0010010 0111.

0. 0 ,0.01 .0 00 000011000ιο 00010001
0101000000 0011111 0100. ’

000 000011110100.

0110 00011000 5000.

000 0001010 1011 001.

000 00001111111100 001.

000 0000110 poesim.

iiiiii. 0.1. 0000110 00100110 1111001·
000110 1100.

01000011.Ρο 0000111 0001011111
01 0110101110107.

0110000 decurionum 0001010 0010101.

0110 . 000 ,0 0000110 00001110 quinino
iiii 55011110 00 oouiegii 10010001
000110710001100010 uenienti· 0110.
000 . 0117 0000111 0111000101 11170.
iiiii? 0011100100 0100.
0010100101111001 (inuio) 0000 nd.
0οΝὓο 000010050100 0000 001.

iiiii> 0000001100.

00 0001. 00 0051100 1077.

00.001.11.0.1.Ν.110000000
nuiiuru 00100001 1000011 uiui 0101·
1001 1011.

nunnoni 007101.

0110 0011101101 poesin.

00 0. P 00 001 poeonia 1057 001.

iiii 0 ,0. 0000011110 00010101 0007 001.

00οΤ 0011101100 0050001.

0.0.0.1.Ρ11115.

M. 1³ 1000110000 iuuere ooiiieo 7011.

010. N· ii 0101111110100 numini meieru-
11000 1000 001.
0107-01011101110. 1155.

0. iii 0. 0757.

0.Ι. ii 000 1001010 11111110 100 001.
ii.iii. 000 1101010 0750.

111110. ii 0001011010 fliium 1001.

 

