 

Π. GEOGRAPHICA.

0111 ’1111111 1133. 1133. 3331. 3131.
3131. 3371. 5177. 3173.

mptum 1111. 1111.
3111111111111111. 11111. 11111,
1111111 1111111111 3331.

3111111113. 1033.

1111111 7333.

31111113.

111111 1111111111 3313.

1111111111 3133.

3131111111 1363. 1113.

7111111 3110.

11111111 31111111111 3111111111 7331.
11111 medius 37.

1111111 3111111111 13.

1111111373. 311. Pr. 11111.

Ι. 31111111111331.

11111111 1111111111. 3111. 11111.
11111 3111111111 1111. Pr. 11. 1111111.
Lucus 11111 0111311. 1733.

11110111 1373.

11111111 3333.

111 1111111 (11 111 11111) 3117.
111111111111 (Augustorum) 33.
1111111111 1111111 5331.

11111111 1113111 3131.

11111 11111313. 3113.

1111111331.

13111111 (111) 3.
311131111111113111133313331303.
Pantheum 31.

3111111111 1. 713. 311.

Pons 11111111 1111. capr. 11111. m. 111.

31111111 1117.

Pom 31111111113333.

’1111111111 1310 3031.
3111111111111 1017.

1111111111 11·

01111111 3333. 1370. 1371. 33731

1. mm.
31111111113333.
1111111111 1133.

3111111 1111111111111570.

1111111 11111111 11 1111111111 1317.
31111111 (11 11111 11111111) 1011.
31111 1111113333.

3111111131111 111111 3-.· 313. 1333.

11111 1111113. 7.

1111. 13.
V. 3331.
311. 1337.
X. 3.
1111. 3.
11111. 3.
31111. 3. 733. 1133.

11111111 3131111111 31331
11011ιξ111111ἒη111111111 1303.

1 1 .

31111111 1113. 1131. 1133. 1311. 1333.

1300.’ 1333. 7311.

111 11111 1113. 1133. 1113.

Ι
'z

31111 1111111111 3033.
31111 11115037.
311111. 11. 3111113533.
311111111111 1111111111 111111133.
3111111111 deorum Consentium 3033.
13 11111111 3111111 3030.
311111 111111 3.
311111 3335.
31111111111 3113111111 1173.
’1111111111 11 31317.
Templum 1111111111 1301.
11111 1111111113111111111 3113. 3330.
33311333.
11111 August! 113111111111111, quod
111111 1111111111 3131,
11111 3111111 3333.
1111130.
11111111 3571.
1111113111111 111111111 imam.
7111111111 111111111311. cunr. 11. 111.
1111. Pr. 11. 111. 33.
31111111 5030.
3111111111 3331.
⁴ 111. 3111111111.1033.
Therme Agrtnpne 3331.
11111111 3531.
’1111 3531.
7111111113.
’1111111 3531.
111111111111 3301.
31111111 111. 13.
311111111111 1333.
311111111111111 1117. 3331.
1111111133.
3111111113.
1111111 3111111111 1111111111113111
Fide} 1. 11. 11 311111111 m 3133.
3111111111 3331. 3337.
3111111111 ms.
111 1111111111] 3035.
Vicus 111111111111 11.”1333.
31111111 1333.
Censorius 733. 3131.
1111111111 7.
111111113017. 1111. 3111. 11. 111.
1111111111. 337.
1111111111 111. 1111331.
111. 1173.
1111111111 1133.
3111131111 13.
3111111371. 1333-
Vhou reqionum 11311 1. Χ, 3111, ¹11,
111111 111111 3.

11111. 111. om. 11.
3111. 7111 111.

1111113313. 33117. 7117.
11111111 3313.

1111311111 1130. 1131. 3333.
1111111 1337.

 

