ἵ 11111Ιο. 151 111115 10 1511 ...... Aug.

0100515151 quattuor liberorum 0151·
11115 01111111 2070.

111111151111111101151515 0115111511

——a--n-a

1111111111 10. 723. 8001111. 1152. 1102.
2212. 5500. 5507. 0100. 0511.
11115151 15111 1111111151 773. 3003.

11111115 1111111111 [11511111 022.

111115115 1151111151 11111111513002.

1111515115111 1111111151 1 0115 111111·
11151 5117.

1 0115 1111155 21110115 0000.

10 imp. 0111. 7111155 111111155
1151. 3135.

1 0115 1111115111 0052.

1111111111 115111111 0173.

01511111

0115 equester 720·

11 11111115 11111. 1151115.11111151
70οε300811.

eques 3050.· 3757. 0082.

111110555551103. 1185. 15181002.
2252. 2330. 2533. 2005. 2731. 3050.
3180. 3500. 3758. 3701. 3315. 3030.
8003. 0010. 1077. 1101. 1115. 1500.
1552 5000. 0327. 0000. 0050. 7011.
7231. 7377. 7018.

1111111 1151511551 511513017. 0100.

11111115115111 Romanorum 3710.

1111111111 11511 1111515111 1101350.
305111). 3100. 5037. 0111.

1111151111. 11. 11551οο5511 1151151

eq. 11. 1111511 11111111 7080.

1151111111 5115151111 111 01001.

vll. RES PVBLICA ROMANORVM.

1155 11501115 115151151 1 1111101155
1111511111 [11111155 051. 130. 0058.

055511151 10 1151.0115111111151 1

1100013151 1 0115 [11111155 7170.

05551115110 1511. ,05155155 051.
Plo 11. p. 1220.

015511151 10 1511. 05155115 11 ¹

Vero 1151. 0110.
101151.Λ5155155“.1111.. 5515 111-
1111111111 15. V 0050.
5151151 15. Vl! 0110.
15. IX 0011.
10 Aug. 'fruiano 11 51111111 15 1151-
111115 1111011115 11151111113010.
1115111111 1111111111 puer 7171.
1111111151 1111115151 1078.
1511511 11511151 Romanorum 181133.
1515111 1113013.

151511 ’Ῑ 0180.

111151 11111 6012. .
11 1115111 11515155 3708. 0703. 0772.

811111 1111111515 111111515111.1111.

2100. 2258. 3151. 3183. 3082. 5581.
0000. 0010. 0023. 01800002. 0105.
11111 2377211702. 2701.
11111 1511511515 1151111155101020185.
1515111 11111111 01511551. 133.
5135. 0715.
11111 1151505111111511111151112311.
3130. 0100.
equiturn 1511111 11115111 0007.
1515111 11115111 0000.
11111 eq· 11. 1515111 11151111 3001.
3010. 3102.
11111511 11555111 3015.
11111 eq. 11. 15115111111111 5080.
11111 eq. 11. 1511511 1511111 3105.

115110551551111511501155020170. 01115111 1000. 1175. 3002. 3000. 3103.

3308. 3802. 0000.
111111..1 111111·
. . 111. · .
3153. 3155 3180. 3218. 3280. 3020.
37118. 3700. 3708. 3777) 3788.
3780. 3882. 3835. 3853. 3803. 3877.
3885. 3888. 3880. 3888. 3800. 3808.
3805. 3808. 0038. 0052. 0003. 0102.
0808. 0800. 5017. 0008. 0032. 0051.

3008. 1000. 10031005. 0028. 7085.
1111111111 iidem 151· 11111111 0000 =
clientela 150. 1070. 3050. 3057. 3058.

0003. 0113.

111151111 domun 111551511030.
0511111515 sactum 5 11111511 11151511

cum privato 3050. 3057. 0010111.

1111111105111111113050. 3057. 8058111.

0700. 0352. 0832. 7071. 7077. 7172. Patroni, 1. 111 515511111111.

1110151 equum 1150111515 2070. 3821.
5275. 0050.
equo 1150111511151111151 1113 3052.
equo 11501111 51511112251. 3800.
115151151133. 3710. 5000.
0000. 7010. 70101.
1115111151 equo publico 7100.
111115 1110111510 111111. 1151111111 0582.
1551151 equo 150111510111111. 0111.
1111155 1111111551151. 0010.

1111111511 1551111151 0083111.
1105111 111151151111 1015111 0707.
1111551111 10111110015.
1101111101151151011500107000111.
11115111 11111111, 11511 1151111 0001.
1151111111 (Arum) 520.
11151. 81111111 0111111511 3058.

0111511 11 patronus 1151-(111105515111)

0850.

 

