150 vn. RES PVBLICA ROMANORVM.

5155151110, 5. off. 1110115115. 111 5115111115 1551.
5511111151 51151111 111551 11110511 5115115111115551115111.
3111· 51105515115151 5111.

5151111151115 5511111 011111155115 mmor 1151511555 5115. 1510.
51550511115515 7555. 11111151 51551 11. 5051. 5570.
Δ 1011011 5111 5115. 55511151 51151 of. 515115 5115511.

5011115115551551115111111055115111· 1115111111551151 1555.
51111155 51071 15515115 11111515 1551115015.
5511115505, 1151111 11511115511- nomenclator 5105.
vm· numunrlrtor 5555.

111111 110711· 5010· 0011· 55515111151115151151 5150.

1101· 0510· 1 11111551 5717.
11. 51111111 1175. mm, 1517,

’0151150555 5555. , 5111151151 515115.
5115111111 1115. 0555511111 5111151155 1111500555 ³

5551Ῑῖ 5115111155 5551. 1151011 5551111111 5115.
ῙΙῙ 5115111155 151. 1155.Ι orgaercfumgggaeo 3²²⁷·

0110 111100Πο ffi ⁶⁸⁰⁰m¹¹¹¹¹¹ ⁰⁰⁵· ⁶⁶¹¹· 01011511511111111115551111015110050.
, 51151115 1111511151 15515111151111· monor„ 3557.

⁶⁰¹⁰ 2⁰⁷⁰· ,- 5151151155 1111551515 1151011
51151110151151111111151. 151. 1051- Ι5551111111 5115.
1511115111 511115 5115515115. 0151155 15555115555.

0151. 151111.1111.1111.1111.5115. 055 1513111111 3155·

5511. 51111 XX 111115. 5555.
111151. 511. 151111111. 5111 115111 1115111155511111155111,155011111 1
55511111 1551111 5117. 3505,

51151. 01151. 5511511111 5155511151 05115111111151 151. 115. 11111 5115. ¹
0111001011οο 05115 11510111515511105511511115510 ¹
5115111111 5115111101151111555511111 5555.
5155511115155 0155. gerulorum 0155, 5. 511115511.

'1¹9⁰- Prdlrrequur 5515111 1111115111 5555.
511151111111 51151111 011511115555· 111155111111115111 5535.

lul· lenunculorum, rremq. reru· 155115 1151111 (15) 1515.
'mm 1100· 11115511151551511111 755.
111151 515115515115. pomum, 4245 ψ,
01011011 ⁰¹ ⁸ ⁰⁰m¹¹¹⁹¹¹²· 11000· 5111151111 5155. 7155.
mmmm ⁷⁹⁴· 51. 11 155111151 5511.

51115151 111001 “lemurum 2²5³· 11 11155151151111, qul 151. 1151. 51.
5551110 11115155 5155. 15511111151151, 1551150 5111111 ¹
1 5150515111 5105155110511 51. 11555115 5555.

0551151) 1515. 151. 1175.

155111 15111111 55. 5155 51151111 151111 511115555 151-
15501 5018. 15111155 5011.

(horreorum 5101155155) 55. 51111511511155 15151. X 5115515115.

51151511 11117. 1555. 1755. 5155. 51.. 1515 511111511515111. ’
qul 1. 1151511. 51151 5111111555 5111551051 1155111151551 1111. 1555.

15111551 5110. 0111515151 5111511. 5551.
1151 1115551 1555. 11511511 (1110555511 5155.
1511111550. 11515551151511150151111115555. r
1511 5111155. 5555. 1155111. 1515511511 11051155 5557. 1

1551 5555. 55511151 5570.

11151550151111115555ἷ1055813. l· 101111011101-

11111115051111 1555. ll· 1110101501 2852
,101 mum„ ¹⁸8· ᾖ „m v ¹3⁸7· 5151115151111111155115550515111551-

. . 11151 01111111 5110.
1111 0511. 5055. ᾖ ρ. 1 5150515111 01111111 511111 5575-
111151515150111· ¹¹¹¹· 18. p. 11 parurn 5151111 15515515

(11· 111 mmmm-l 511151 1555.

 

