' 11. 1111111111 1111111111. 111

0. 1111 0111111111 ((1111111111111111111 &remurmuratione 10 imperatoribus

eum 0111111, 01110.) 0011.

0. 1111 0111111 5500. 0000. 0507.

0111. 11011. 10111.

0. 1111 01111111 0007. 0010.

11 alimentorum 7100.

ὓ. 1111 Vrieriee 0071.

riorum 7101111111, veterino 11 111-
mentorum 0110.

riorum interire, 01110111 11 ’11111111
Frentum 110 ep.

0111111 riorum 5010 (fortuite 11111111
010 ί111181113011 0111111111 11 elimen-
torom 0510.

(01. praefectos alimentorum.)

0. Curatores 11111 110111110101011
praetorii.

0111111 1111 011111115151.

0111111 riorum 111111101111111111111
111111 11 11111111111 Ti. 0111011
01111111 1111111 0111111111 700.

1. 01111111111111111011111111111111111.

0111111 111111010111111 11010111
0. mouumentum 000.

0. 1111011111111111 0110.

0. 1111111111111 triumpharit 0000.
0. 1111. 111111111111111110051.

011. riorum 11111.1111111111111 1111-
torum 1111. 1111111 (i) 1000.

011. riorum 11 pontium 0110011 11
011111 1111111110 optimo 11110.
11111 11111111 111. 011 1. p.

11111. H 1111.
011. riorum 15011.
1. 1111111. 0111111. 100·

Hie 1001 viror municipalibus 1111110511
{unctor 11111111 oeque 110111111-
num auctoritate uturum 111111111-

rimosum 01110111 0511.

Vioeurue 11 0. 0.110. 0. 0007. 0515.

0111111 uotorum 1111111 51171 [1111111
idem qui:
1011111 1111111 0071. 0110. 0100.
5170. 5170. 0000. 0105.
1011111 imo. 0111111111. 0070.
0111111 1101111111 1100111111 0100.
01111111111111111 0111.

dul-u 0111111111 oiri eioristimi.

011111111111011111111111111111110101.

11011111 1111111111 0051.
111111111111111100.0011110051.
11011111 11111. 0100.

111 p. 1101111111111 iiiiii.

rei 1. 0111111111110070. 0510.
Bierenorom 5105.
0111111111111, 1. 0111110111.
111 1. 0111111111 0500. 0501.
1111101011 011101111110507.

111 1. 111. 0111011. 0511.

111 1. Catinensium 0510.
0111110111 r. Pieeureoriumi

rei 1. faventinorum 5500.
01111111111111 00.

111. Formiroorum 0700.

(01111111) 0010.
Grerireonorum 1. 711111111111111.
111. 0011110111 11 11111101 iiie-
111100.
0111110111 101.
inurentium 01011111111000.
1. 1. Ι.. L· 1115130100.
1. 1. 01101111111111110510.
111 u. 111110101101111 111111111 0111-
rorum iterrucinorurn 0110.
111. 511111111101111 0700. 0500.
111 p. 111101111010101.
0orieuienorum 5105.
111. onii. 011111. 11 0111111. 0110.
1. p· 011111. 0707.

1111101111. 011111. 0750.
0111110111 11 0111111111111 0010.
1. 1. 011111111111 0010.

1. 1. Sutrinorum 0000.

1. 1. 01111111110111 11 0111111111-
rum 0010.

1. 1. 011111111101110101.

eiriieiir Teeoeneium 708.

Tiburtium 00.

1. 1. ’00111111111111 0510.

1. 1. 01111111. 0010.

veliternorum 0050.

0111111011) tuit.

Voieinieoeium 00.

111 1. Utik. 5015.

, 11111111 0111. 0501.

eoiooierum et municipiorum 0010.

1101111111 111111111111 1111111111οΙ-
111111 0500. Δ

Curetor 111100οΜ ‘imum' G⁶f¹¹¹¹¹¹¹⁰¹ 0111111 111111111 1111101011111111 11111-

1111101 700.
0111111 11111111 iii (01011) 0507.

1110110111700.-1110111111111110

(1111111111 reqionum iiriu 01111111, 0. 011111111111111111111111111110111111

minore o. Off. 11151. minora.)
0111111 1011111 11 11111011 1000.
0111111 111111111. 11 Moerin 0001.
01111011 111111111 110011.

(equitet 1111111111, tribuni 1101111110.)
0111111111 p. uenenorum iiiiii.

rei 1. 1111111111111 011111 10 imo.
optimo Antonino 111. 011 0000.

 

