111. 011. DEAE· MYTHOLOGICA vimi. 05

0111111111οι 1708. 0070. 0071. 111 0111 111011110100.
0111111111 0111111 0111110111 1800. 0101111111010110. 0111.
Concordia 1111. Pr. 11. 0101. 05. 00. 0111111101010110.
1811. 1810. 0101. 0100 ro. 0110. 0111 Augurini 000. iiiiii). 1801. 01111-
1000. 1801. 5780. 111101000. 180ος 1. Augurino 0101.
0111. 11. Pr. 01111. 1810. 0001. 0111010111, 1. 81101 810111.
(1.11111111111111. 0111. ii. 1111111 Dour ruigernoor 1010.
101111111111111111111011101110111 0111 1101111011111101, 1. 1101111011-
11111111 n. o. 11 inro. 0111. 1.. 11111. 1111111 0111.
0101110111111011011101110111011· 0111 11111111, 1. 01110111.
rirni ρ. o. 5810 0111 1011111 0500 ..··- 0708. 0011.
0. Agrigentinorum 151. 0. m. 111111110111.
0111111011501. 0101 1111111 1081. 1180. 0580. 011
0. 1111111111 01111011101111011111- ororii 1511·
tinorum (1) 5810. 0111 010111110108.
0. 1111110 111111111111111 1111111111· Dour 111 10111111110111.
roro 1007. 0111 111 1111 1111110111 1101011οι11 111
01011οι11, 011 - 0110. 5080. 0075.
0101100101 deornm 0100. 010111011111115780.
0101111111 01110111 0111111111 0101. 0111 0111111111 (i) 7110. 7117.
011111 liri. 0101. nr. 111. 0111 81111111111 1800 ro.
01110001. 01011111111 1008. 0000.
011111111, 011111 - 1800. 0111111, 011111111008.
0111111 0111 10811 1. 11111. 011111
011111 11111 1851 ro. 01111111. 11, n. 081. 1100. 1010.
Cupido 1008. 7000. 1157. 5701. 0508. 7000. 1111111111
0. 1111111101, 1. Venno. 11. 01111101. 111. 11, n. 081.
00011, 011 - 1800. 011111111110111. 0101. nr. Aug. 1070.
0011111,1.1101. 1007. 1007. 1110. 1110. rior-¹
011110111085. 17053 0100. 0170. 0111. 0180.
0101010810. 0100. 0511. 0780. 0701. 1157.
010111 0007. 0000. 5001. 5011. 0080. 0110. 0000.
01010111 (= 0111111111) 1117. < 0115. 0701. 0811.
0111101. 011 - 1015. 11111110111110001.
01111 1800. 0. 01111111 umbrorum 1111101111
0. ires 5810. 111111, 11111111 domitrix 1117.
0111101 1071. 5880. 0. 101101, 1. 100101.
01111111 1051. 0. 1111111 1157.·
011. 01 10111111 158015801087. 1088. 0. Auguria 00. 1100. 5705. 0001.
0111 (01111 11011111 0001. 0. ing. 01101111010010.
011011111111, 1. 01111101. 0. 11111111111111118.
011 0111101, 1. 01111111. 0. 111111011115. 1100. 1. 01111101.
011 011 001. 1100. 1708. 0000. 0070. 0. 1111011111, 111100111011111100.
5051. ii. 1101111001 0070.
luno 0111 0111 0070. 0071. 0. 011111 0000 = 0500.
111101, 1. 01111. 0. 10101111 iiiii).
011 1011111111 1751. 10111110. 111111111110111 1110·
011 01111111) 000. 011 0. 1011111 111111 5700.
011811111111000. 0. 01011 5700.
01181111 1010. 1017. 1018. 5801. 5800. 0. 0110. 1100 (11111).
1111111001 1708. 0070. 0071. 0. 011111111151.
11111111 1087. 0110110800. 0.11111111111150.*
01011111, 1. 01111. , 0. 0110111οι11 1105. 7010.
01111011 1111 1771. 0. 0. 11111 115111.
1111110011 1111111111 100. 0. 1. 1111111 1100.*
Sive 0101 1111 011 001. 1708. 0100. l)- 0011100ῑῖ ·· Μ) 1458·
0070. 0071. 0051. · 0. 1111111111 0880.
1. 0. 1. 0. 1111011 111111 iric 11101 D· 0111017639·
1110111 1111708. 0070. 0. 0111015710.
1110. 11110. 0107. 0. 111111 1111. 0010.
1111. 1110. 5000. 0. 1110111 iiiiii:

 

