911 xm. 110919.

9 9111111111, 1, 9730. 9.9 (1111) 1111111 1111111111 1933.

9101191138· 9.9.9 1111111 11111111111111
9 1111111 3900. 3919.

9 1111111111 1111 111. 11, 1999 11197. cm 1111113310.

9 1111111111 3710· 991( 11111111 199.
G 11111111 1851· ⁷22¹· 99119199 (11111111) 11111111 11111111·
C 9117191111 1979. 11111011.

91 1111111 1011· 99117 1111111111 90 111.
9.1 111111111113799. 0737. 1753111. cnm “muno paam.

9.1 1111111 1111111335. . Ηρ cm, Equum m,
&Ad-M 9010191 Aeli! Aug. flfldloll· CER Cemss! vol. ΙΙ, ρ. 388,
1199999 111111111
cmo 1111111111111111111111913. (199 11111 539. 5357. 9119.
357. 9. 9 9111 (111111, 991 pamm.
9111 91111111111111119· 9.9 1111111111 111111 m. 999. 9111.
919 9111111 9099. 3109. 9909111.
9191. 911111111 1119. 9. GM 1 1993. ‘
(1199. 919911 911111, 911111111111 c. 9.9 1 1991.
pamm. 9110 1191111181.
(1.1.9.1199 eom· 1111111 11111911· (111011 cohors 177 111·
dionaeum 1701. (1.1 1111111111 1111111 79. 999. 1937.
9191711111119139. 9701. 3153. 1911. 1911.
9199 1111111111 1309. 9.1 1111111 11111 9933.
1ωΜΜ1ΗΜΜ11111ωψωΜΜ
91119 91111111 105. 9.1.1).9 1111111111 1111111 11111111
cm? 1111191111 3190. 11111111 7013.
91111 1111111111 3515. 9.1.Ρ.9.11.11 1111111 11111 911111
9111191 9111111111 3939. 911111111111111111111 1911. 7953.
01111) 1111191191 ²⁷5⁹· 9191 111111111111 91111111111190.
‘Mfficffff0fflfflssfflfflvwfflm 1111111111111111
919 9111111111, 111. 11, p. 399. 1111111181.

CAR Carnuntum 2288. c.1. 91 ubertus, 11911 passim.

CAR (3111111111 ¹⁰²⁹· 91. 11111111111111111.
CAR, CARC curcumitu 6791. (11, emm panim.

&HG-'¹⁸¹³‘ ⁰⁰¹⁰⁰¹⁸ Aussum ’[111110· eL Claudius, 911191111111, legiones.
1111 939. 1110111111111.
cfflmmmmmw 111111
(1.9.11 111111 bene 1111119059. οιΑ claudia 1111111111.
9. ML! 1111111 bene 1111111 11111 991 9111111111 9371.
(1397. 9119999 91111111 9111111501.
ocum. 111111111
99 (11111111993111. 91199 1 1 1915.
9.91111111 91119111 3933. 91199 9111111111 9379. 9133. ·
(1.9 111111. 1111111111 1131. 91. . 991. 91111111 911111 5900.
99 1111111111 919- 3189. 3319. (11. ,9 1111111111 1111111997.
9991111111111111111111111105. (91.9 ιι n 9955.
9. 9. C.. 11111 convocat! cog! (1097. 91.. 911 1111111 9111111111 3003.
9911 (1111111111 319. 3197. 9853. 91.. 11111 9111111111 1111119371.

c, (3.1, Ανρ , LVG colom· cnud„ CL . 99 1111111 11111111 9971 111.
91111111. Lugudunum 191. 9395. 91. · 99. 11. vel. 1119 1111111 1111. 111-
0031. 9039. 7990. 11111111,9111111111135333597111.

9999 111111111111111 9357. 91. . PR . 9111 1111111 11111. 11111111·

9 .9.91.11. 1111. 111111. 1111111111 uum 35113 ot panim.

9111111111 5199. 111. .11 1111111111 1113797 111.

9.9.911111111111111119111. CLV 9111111111. 9111111111 1111111

C· 9. R 1111111 111111 1111111111 391. 1710 11 passim.
7151· 9.9 1111111 1111111111111977. 5995.

C· ΗΝ 1117191101 11119313711111· C . 11 . 9 1111911111 11111111 1111111

99. 79 1 19395. 1971111. 1531 11111111.
9 . 9 1111111 9111111 0911. 9191)11111111111111111111111511.

 

