vm. us omnmo.

118 Gallorum 81881888 8857.
818 88188888 (1) 881188. 8888. 88881. 8888.
818 1. 8188818 881188. 8857.
81811. 881188. 8888818885888; 8. olom
8888818888.

818 118Ιῶ 81 1188888188. 8818188818- 88881. 888.
rum .

118 8888111888 8858. 88881. 8858.

118 Aug. 88811888 88 virtutem 88881- 88881. 878.
1818 878.
118 1118888. 878. 888. 8158. 5817888858. 88881. 8158. 5818.-8858.
818 1. Hispanorum 8588. 8888888888 8588.
118 1. 11188. 18188818 8. 11. 5855.
1181. 111888888888888188888881 88588. os. 818 8888888888.
118 111888888. 18118888 8. R. 5888.

18188881 188. 888888888888881 ss'ssffi‘gffiq,

1181. Aoo. 1188888888188811188.5888. 88881. 5888.
118 1188888881 1888. 8888818 1888.
118 81888188 8888. 88881. 8888.

818 1188818818118188888188788. 88881. 8788.
118 Noricorum 8888. ·

118 1.. 1188118. 8888. 88881. 8888.

118 Pannoniorum 8788. 8888. ἓξῧῗιῐὲθῦθῆῗ

ιιι 1. 88881881. 1888. ffif‘ffi'oooo

1. Pooooo. ’18881888 8888. 88881. 5888.
818 11. 1188888. 885. 8888. 88881. 885.

1181188111. 8887. 88881. 8887.
118 1181881 8788.
118 88181888 5855.

818881818888811. 818 18888818 518. 88881. 518.
118 Phrygum 8788. 88881. 8788.
118 8188811888 5818.
118 1118881188 8788.
118 8188818818 5888.

8181. 88881888 8718. 88881. 8718.

1. 88881. 8. 11. 5888. 88881. 5888.
118 1. Quorouoroorom (1881 Cugerno-
tumr) 5855.

118 11888818 5888.
118 8888818888 5818. 8718.

818 1. 8888818888 518. 88881. 518.

118 8888818818 81888 8785. 8818881181· 88881. 1888. 8785.
. 8888.
118 8111888 5888.
8111888 torquato 8. 11. 8858. 88881. 8858.

1181. oros. 8. 11. 8851. 88881. 8851.
1. 8188. 8. 1. 811. 1788. 8718. 88881. 1788.

1. 111818 818881881888 8711. 88881. 8711.
818 11. 718818 8188. 3518· 88811888 8518.
118 88181818 (r) 8888. 1188188188 8888.
818 88181818 o 11. 8888. 88881. 8888.

1188 88881888 8787. 88881. 8888888881 olorum 5787.

1187881.. 52533 81818881188888. 78818.
118 ’18818888 818. 811. 3558.

118 Thrae. 11888188888788· 8888. 88881. 8783. 8888.
8181. 78888. 5888.

1. roncum 1188181888 5888.

 

