vii. RES Pviiuci ROMANORVM. iiii

1661611661011.111’1. 6666166116166 (6661616611 1166611111)

cursurum 6666. 1361.
1666666661 616666666 1611111666 3161. 61661. 6666666 3188.

tribunorum 616616 5151. 66161. 666616616 3187. 1061.

apparuerat 61 1166661666 1616661116 666166666116666161660611116610.
11166166 3110. procuratoris 6666. 1161616666630.

ux 161666 decuriis, quur 666. 6661. 1666-1661666616 61 Aquitanicae
66. 66666666 161661 6555. 6010.
16666166166161616616 6616616 61616111 116 {W 1111111111·
6166 1111616 666166 (16166666 3103. 6661166 166. i 116616 5.
6161 66666611 1166.
6666166 thermarum vulmarum 13.

110111 1101111 195· curius 0666611 66661616 ³211.t
6161166118166. 11806·- 3316. Dm, „fimi 6661, 3656; cs. irruam
6166616616666611. 6013. oi mm,

Β8111111Ἶ116161111131111111οεῆαοιωθ· 0666611166 16661661 616616 61 616616 66-
11111111111 ³⁴⁰²? 0!- 011111 mmm· 1200J1¹1⁸211¹³⁰3⁹J20⁵um0 6. 6666666666,
1111111111 1731· 11616161, 661666661, 66111611, 616-
1 1166616666 661666 11161161 16. tom.
6 b. 0661611616111661116116367. 11666611616666 6. 7100.

66. 161166166111616 63061 61. 611616 0666616166 6666666 106116. 6611.
6616616. 6661661661 1010.

11666161166666616666 313166. 66 666166 6666. 16666666611016.

1666666666 66661666 6316. 661666. 66666. 161. 116111166666.

Curiuiurii 610611 611661661361. 1810.

016161116166 16616 61661166 1800. 0161 6661666616 1816.
nemum mom 3523¹ 66 fiscum 61166666 6666. 16166666.

operum iiu.,· 61. 611616 militaria. 111 ⁶⁰⁵¹·

circitor 3101; 61. 6116166616616. ffi} 2²:35⁰&ka
6666166 6681.

61116616 66666166 1015.
' ἰῖἑίἓόἰῖξξιῗῖἓὲῧ· 6166611 aedium 66666166 61 operum

1 6666666166111661166116666 8106.
6666661 6666666616 61 66116611 61161·
muuii 3165.
661. 66666116116666310.
66116616 66611666 666661616666 61 616·
diui· 1610. ruminatum 6300.
commentariensi· 16 1111166616 berarii· 6166616666 hereditatium 1616. 8381,

1611616 6537. 0166166666 3111.

1166666166 166666116666 61616 6611666 116666166161666 6666116831.

11166666617163. 6666116 1661 3888,
166111111111101· 1311· Erucius 666661616616 6616. Lugdunensis ⁸
1666661116661166161, Ρ16666116,1)6- 6666,

11116538· 6666166 6661616616 3131. 5688.
1011101111 ⁸⁸¹⁸¹¹⁰¹¹¹¹¹¹ ⁴⁶· 11116166 666. urg. 66616 311186 61. 611616
618616 6666661166 3117. . pum, maim,

666661 1611666666 61 commerciorum mmm, 665,

661166561111661616655. 1666661611876· mmm mmm mmm mmo·

6101. 6066.

16666161 6666. 16661161811. 1070.
6666. 1161616 6051.

6666666666 6510.
operum publicorum 1813.
66116616166616166166661) 8160.
666166 111666616 0511.
66616611 Pudnu. Vrrcuiiuuiium 111666-
6611616 70.

616 6817.
6666166 1831.

Μ 6660666666 1161666 6660. 11666111 6666616611. 610616116666 61 uum-

666161666161 8168.

66616611 6166166666 66666166166666

06616616616166 61116616 nummi 6661661 11166

numu 1166611666 1011.
111116611 1161661661 5161.

6661166 libertorum 61 terrorum 1666.

6661166 666. 'qu (1166161861.
6166616666 111. 666. 66166666. 33101

 

