101 vll. RES PVBLICA noMnttottvltt.

3111111 11111 11111111111111111 5150.
Pr. 11111. 11111 11111111111111111
1325101111 1111111111 11 1111111111

111 1111116133.
31. 11111111113363. 3760. 3137.
31ῗ41ῗ151.. 1111161111 Aug. 3301.

3111111 1111111511 553.

3111111 111 111111111 733 (16111111
11111111163111111111,11111111
111 vespernae).

11111113135. 6150. 6155.

3111111 1111111 1111111111 1111111111
3111113 11111111 111111 1111111 11
1111111) 331.

311111111611111111111131351111111.
01111111).

6111 11111111111111 6151. 5153.
111111111111 6151.

3111111 11 1111111 5153.
1111111111 3373.
1116111111111111. 5500.

3111111 1111111111 1111131111 Augu. 1

k. tutelarios 3151 ·.·. 3153.

11111111113373. 6503.

111 111111 1111161101 11111111111
1111111111111 metatoribus 1111-
3111 1116135 1115111111 1 11. 11-
11111 11 1.. Vere).

3111111111 1111111111 (011111) 11111
11111111 7361 11. 733.

311111111111111111 3351.

3111111 3111111111111 3136.

311111111 3111111 3305.
31111111115133. 6013.

11111111 11111 1111111111 735. 333.
5503. 3151.
151113111111111111311171111170.

1 111111 3111111111 113111 1111111-
⁸ 11111 3353.
1 11111 Commode 303.

3111111 11111 1111111111 773. 6511.

311111111 11111 1111111111 111 1111.
0111. 111111 Τ1111111111111 nu·
11111 0111111111 1111111300.
311111111111111111111 113. C. 11111
“ 311111111111301.
, 011151111111111111 1111111111 ers.
C. donetur 356711.
311 1111111503· 570. 5113.
1111111111 1131111 3333.’

..-

nonnette: (1111111.

n. 1111111111071. 5133. 5363. 6013.

311111. 111111111111111111773. 1130.
11371131. 1300. 3013. 3033.
3153. 3131. 3135. 3133. 3533.

3633. 3733. 1353. 5333. 1353.
5150. 6113. 6131. 6137. 3133.
6517. 6573. 3301.

111111111 11111111 3673. 3173. 6130.
1111 11111111111 1111111 3013.
311111. 1111. Aetne 573. 750. 3131.
3651. 3553. 3653. 3670. 3333.
5366. 5151. 5177. 5533. 6133.

111111. Aetne 111 5135.
111111. 111111 11111111 3761.
11111 111111, ee 1111111111 1173.
3111111111 1135.
1111 111-11111111 1131115530.
(31ο)111. 11 1111533.
311111. 111111 11111111111111 1033.
6111111 1111111111 3110. 5111. 5115.
G. 111111111111 13511.

1. 1111111111 533. 533. 333. 3103.
3111. 3113. 3163. 317311. 3330.
1365. 5363. 5110. 6131.

311111. 1111111111 11111111 131 tt·
53711. 3373. 3351. 1111111131·
7130. 111111113335.

6111111111 105. 75311. tete?

Creten 6151.

(611111 116111111111) 5335.

11111111 1111. Cret. 3111111111

01111 3133. 6150.

111111. 1111111 111111111111111111
111111 111. 0111111113. C· 1111·
111 ed 111111111111111111111
1111111111 1111111111 (11111 6150.

1111111 13111.

3111111 111111111111 3031. 3653.
5177. 6315.

111111131111111111111111111111·
1111111111 6154.

1111111111 1371.

11. 51111111 3370.

1111. 31111111375333066131.
1111. 31111111 1111111111111111·
11116137.

111111 1371.·

51111611111 1170. 3351. 6005. 6501.
6513. 5303. 3311.

01111111 6173.

31111 11 1111111111 77.

3111111111 3377 = 3703. 6133.

31111111 151. 113. 111111. 3711111131·
6506. 6307.

1111111.. . . 1010.

311111111 1111111111 incertae 3376. t

311111111 noenum 1111111111 seretur
5353, 1111111111 ettam 1111.

111 11111111111111 (11111111) 3301.
1111111111 proconsulum 3306.

¹*-

 

