llo GEOGRAPHICA.

111111. 0111111111 0000.
0111110111 0010.

0111111011111 1010. 0000. 00005100.
011111111111111, 111111800.
011111111 5050.

01111111111 0711.
01111111 130.

0. 11111111 5100.
01111111 0000.
0111111111 711.

0110111 000111.Ι

011111 1011111115010.

0111111 5010.

01111111 1111110000.

0111111 01111111111 5000.

0111111111, 111111 5007.

00110οο1111 0700.

001111111 5000.

001111111111 (1111111111), 111111111111
Borysthenem 750.

0101111 5000.

010111007.

0111111085. 0080.

01111 300· 0501. 0000.

01011111 5300.
01111111 5010.

0111011 500.
7110111111, 01111111 000. 3000. 0000.
Cingulum 00.

0111111111 5500.
01111111 5010.
01111111111 5100.
01111110000.

011101 0071.
011115310. 07001.

1111111 11111 1111111111 11111111 11011·

1110101111 5317.

0111111115010. 5010. 0500.

0111111 550.

01111 007011.

01111111111 1111111 5001.

01111111. 0111111 5010.

01111111 11111 000.

01111101111 5117.

0111111111 5010.

111 0111011 1111. Pr. m. 111. 0510.

V. 0111011011. 10111011 1111110

nomen 0111111111 018.
V. 0111011111. 10111111 010111
011111 1111111111 5000.
V· 0111011 11115101.
V· 0111011 01111111011111111 1101
011111 711.
0111011111 11111 5300. 0030.
0111011 11111 0101.
011111111 3700.
111 011011 000. 3100. 0000. 0080. 0500.
0111111111 111111111. 1111011111 050.
01111111 3500.
0111111 5170.

0111111. 111. 111115000.

0111111111 300.

011111 1. 0111111 5010.

0111111 100 op.

0111011111 111113101.

0111011111111 081 op.

Combusta 5010.

0111111111 0507. 0703. 0007. 00001.
0111111111 0100.

0111111 5000.

011111111 3000. 5517.
011111011. 111. 0080.

11111 011111οΙ1 0753.

0111110111111 0005.

011011111 0050.
0110111111 5000.

011011111111111111 11 7111111 5101.
011111101111111 1100. 0100.
0111111 111111 500.

0110101 5010.
01101111111 3005. 0000. 5000. 0005.
0111111111 3050.
01111111 500.
011111111111 5051.
111 01111111 3007. 0501.
011111 5103.
011111111 5100.
0111111 550.
01111 150 so.
0111111 1101.
01111111 0300.
0111111 1. 011111071.
0111. 111111111111 5103.
011111 11111 500.
01111111 1705· 0700. 0005. 3750.

011111111111 0000. 0100.

01111 0100. 0050. 3050. 0051. 0700.

0111110111 11101111 5000.
0101111100 100.

0111111 5000. 0700.
0111111111 07001.

0111101111 5000. 5700.
011110 0015.
011111111111 1050.
0111110003. 0000. 0000.

1111111 111111 5150.

0111111 130.
enon 1111111111 0000.

0111111111 0037.

0111111111 1111111180. 80.
01111 5500.

01111 01011. 107. 5505. 0000.
0111011 (011001). 1111111111111500.
0111110111 0000.

010111 5010.

01111011 11111110000.
cyme 007.

Cyprus 0100. 0100. 0007.

111110. 5111.

0111111 0050. 0700. 0010.

 

