vm. 1166 mmmm. 166

66611661 1116616666 66581 61. 6199. 6. 56666. 168566. 9696. 9911. 9969.
6. 6666166616 66611666 claudum 6191. 6576· 6166· 6646· 6646· 6644·

6. 666 616616 6661 1611611161 666666- 6999.
⁶⁰⁰¹ 6665· 61666566 66616166161619.

6. 6661666166 1616166 6166 5188. 6166 6666611666 6166616666 661 16156

v· 6166 611161 6166116 7176. 161661 6646·
6. 6616166156661661666 1896· l· 66611· 4476· 6666· 6666· 6646·

6. 1616116 6166666 6661166166666166- 655³. ⁶⁶⁵7·
66666 ustorum 6659. 4

91666166 5566.

Χῖῐ venellam 9996.
(6. procuratores 61 amolo 6651. minora.)

vlll. 1168 MILITARIS.

1. nonnitus 6756.

16166 66666566 1999.
66666966 1661666666 5178. leg. 1666. 66. 66. 5178.
6166661161 6161666666 6989. - ξ

6116661166 1161666 8195.

6666661166 661 661 16 116166 779.

6666611666 96166616615918.

666661166661 661 16 1166666611 666.

66556716616666661696666616 6666· 166. 66. 66. 5956. 5197. 6561.

6651511615115666661666 66666166 5956.

66666666 11166661 798. 666, 6166 66666111666161666, 1166 966-
15166, llum 6611166 798.

leg· 66. 66. 776. 6689. 6195.

entellus 11666666 5569. 666 elul 6666 1161661166 616666 Lugdu· ,

num 5569.
entellus 11666666 187. 9169.

ψ-

9. 16616661.

16616 5986.
16616 56656666 (6666661166 66166116666166166) 6688.
lenonum coguomlnn 1166666 vem 6986.
16616 11166666 6868.
· 1. 6611166156.
Ι. 1161666 156.
1. 1661616616 6981.
11666166 1661666661 columella (1161161166 6668.
, “ columella 5161161666 9969.
16616661 66611666 6616666 6676.
66166661 6769.

166161 165. 5196. 6156. 7119. 1616. 11111. 5196. 61567116.

166. 899. 1667. 6196.
66 66661. 9695 = 9761.
166161 66161616 797. 919. 1667. 9695 66661. leg. 6717.
= 9791. 9968. 9969. 9561. 9599. 1615. 6611. 3155. 6169. 5156. 5186. 6198.
66751971. 5199. 6190- 5681. 8717. 8799.
66161611 616 666116 6155. 6115. 6511. 6616161166 6115. 6719. 6875.
9559. 5156. 5186. 6198- 6799. 6719. centullo 6556. 6599. 1971. 6719.

66161611 516 616 1161116 ll> 6696. 61 6661111666 6681.
11661166 6591.

66616616· 9511. ’

 

