XI. ARTES ET OFFIGIA PRIVATA. 1166

6111111111611111 1111111111 111111111- 7111111111111 266611.
, 1111111 6266. 1111111111111111161661616367.

, 6111161111 11111116 01611111 1. 6226. 7111111111111111116302. 7261.
611117276. Velenus 1111 Ια1111161111661611116) 2666.
61111 61111111116266. 1111111 1111161111 6670.
meum„ 1115, Aug. 110. 1111111 16111161 1110611111 Aug.

1. 1111. 01111111111111.161. 6356. 2⁹⁰⁷·

6156111111111, 11511116611111 61011 v· “Imm *⁸⁹53 Ἰ· ο0666666·
comam, 1111111 1111111116176.

mmmmmmm mmmmm
1. 1101111111 2216. ΗΘΜ (666· 16766. 6651.

11111111111311131066· 666111666661 ⁶³⁷³·
1. 61161111 2060.
1. 1111111111] 0111111111 111115.
fflhu
1. 116111111161111111 6226.
1. 111111 710111115167.
1. 1111111111111. 161. 2656.
1. 611116111110111 0161611 Ι. 2661.

111111111 1 111111111111 6376.

1 11116 111111 61. “

011116111. 1 11116 111161 2670.

01111111 1. 1 161111111111112667.

1 11111 1111. 1111111, 111. 111. 2666.

11111111111 11 01161111, 01111111
11111 2666.

1 16111 11111 6672.

⁶¹ mum· ΗΒΕ· nb· ⁹⁰⁸³· 011111 111. 1 11116111611112670.
66· 016666 6661660 16 ’0166066666 06· 6111111111 1 11111111 6266.

or .
Tnur'ffnfvonatom 2530. ³:⁶31:ss 6211ἔὲ06ῗο 5006.

’11111111111 11111106. 111 11111 0116111111 6666.
7111111111 72601 1. 1111161111. fl. mo 7111164116.

7111116266. 6606. 6665. v. centonarius 6266.

’1661661661 6661661616445· ⁷²⁷⁹· 1. 1111111111111116611111116667.“
1111111111111611111111 1111116 (1111 6266. y, „num 7285,

76111111111111. 0111111166 61111 0111· imp. cm, Anmm pn 2970sp

111112665. 71111161 5362.

Tutor 2662. 11111611 2667.
Thermarum ⁴2⁹⁰· ⁶⁴⁴5 (?)· 6110111111 2666.

Thrax. 7111111, Threx 16666660* ²5⁶⁶· 11111111113315. 6267.
nmwmffifflssmwmmw

Thf· 66666666· 25⁶⁰· 0106111111 1111. 11. 6560.
Thr· Plssflflnffl ⁶¹⁷1. vmmn 1⁴⁰5· 2¹2⁸· Μ. 282⁴· 5³⁶2·
7111111111, 111111111211. 6366. 6665. 11111, om,
7666· 1. sunnonem. 2627.
lb· Puteohnu· ⁷2⁸2 1. 1111111111 71. 0111611 0111. 111.
1116111111111111161111111611116366. 2620.
’1111110111 2566. 1. 1111111 6655.
’7151111111 61 11111111 6202. 1. 11111111111115606.
7111111, 1111111 11111. 6256. 1. 6111111111111 11111 71. 0111611011·
7111 1116111111· 2561. 16111 2622. .
’111111 1111 11611111111111111111111161· 1. 6111611111111 1111111 1100611111
1111 1161111 1111111111 1101111· 11111 611. 2626.
11116222. 1. 1161111111 1111111111 6116111111111
1111111 1111611611 1111111116 111111 2660.
111111111101111111111, 1111111061 11111112625. 2626. 2626. 6277.
6226. 71111111 111616111112566.
7111112663. 2666. 1. 0111111111 2570. ,
711111116266. 71111111 666. 1721. 6565. 6666. 5750.
7111111112066. 6263. 6300. 6615. 5676. 6275. 6656.
1. ’11. 0111611 Aug. 6606. v· 61111. 1666.
711111112625. 1. 16111 1111. 1611111611 1667.
76106111111, 11766. 2652. 6265. 6337. 1. 01111111 1615.
11. 11111. 6606. 011111111. 1111111111, 1161611016
0161. 1. 1116111111111161611. 1116667. 1112657. .

 

11111111 0111. 1111. 161111 2667. ¹

