166 vni. niis iiiiiiiiiiS.

8111016636· 8. 11551555 5151115515

6665666665 iiii. irehigybemu, 5555551555 - 11. 5561.
511. 1555111560, 6555115515561. 6668.
1551155555 n. 6661.

15551155. 55. 766.
555505555555555, 5550, Armorum 55515161. 6666.
= 555555. Μ. 6866. 5668.

summm· υ· ⁶¹ 'mmm' 65555. (ε555555161. 6666.
Βῦξῖῐέἕὶἳῑᾞω· 55 55515551515 5515555. Μ. iim.
summm· v· Μίνωα.. 55 55555555 ii. 6876.

15116555, 155115 Μ. 6565.

’616616111Ιῦ6· 6066· ⁹⁶⁹· 655565155155 515155561 Μ. 6876.

’151555551555 551555. 556. 515. ,
15515555155555 51151555 7666. Centurio, 5. 51555555 Mis.

7555555555, 15555555155 6656. 6771. ῦΙυ6111. in 6155515151. 6857.

6777. Cornicen 155115155151 Μ. 6676.
coronarint 116665.

6 i· 11556511.61.
6 . ι

’15165555 miiitum 657. eoi* 561. 566.
555. 555. 555. 555. 5555555555. 33111633·ἒξῑὲῑεῶ156555166515. 2

5555 5555. 5555. 5555. 5555.

5515. 5555 sp. 555555. 5555. 5555, 6611 6· ⁶⁸⁷⁹·

mmmmmimmm
1. (i) 155115155155 61. 6666.

5555. 5555. 5555. 5555. imo.
5555 5. 5. 5555. 5155. 5555. 5555. ¹· 66166111· M· ³⁸⁴¹·

6767. 6761. 6866. 6867. 6651.

1555. 5555.
iiiii· 6511651. 6161776. - 556. 551-

1155115, 5. 55116555.
6565555155 ἕ. ³³53. 6661. 6666.
..5515155116

1516. 55 5555515 1686.
1516555511111555 5676. 116555155 1155155155 Μ. 6666.

555. mii. ii 555. 555. 55515555. 5555. i· 5515515515 51. 5551.
15. mii. iii 566. 55 i. 55555151155515 11. 5566.

1516. 15115155155 5561. 6676. 615515155 n. 6666· ¹
1516. 5555515511) 6666. 6666. 61551551551161. 6668. 6686. 6865. 6666.

1516. 5111155515 5555155156) 5666. 6666.
1516. mii. 5555515 6566. 6667. 6666. 161555155155 Μ. 6687.

6166. 6616. 6665. 6866. 3886. 6666165165515515561.6555,
6766. 7015. 76765. 711665 iiiii· 5555155.
15. mii. 555 1555151667. 1155555655, 5. 5155555.
1516555555 promotio 555 5561. 515, 11551555. 5555155155, 55515155 li. 1516.

556, 55. 561555. 6767. 6866.

11. 1555.. 55156. pr„ 555.. 515.. auxii„ 65 5555651555 11. 8566.
55555555. 1115155 (55.1.; 15515555 50115) 6616.

55 5155556685. 16661551511111 ii. 6668.

55115 tribunorum 1551555555 5515555 051555555155(55515)51.6516.
6766. 0511561. 6666. 6866.

75151555. 5. 5516. 515. li. 3665.

’1561555 6176. 551555. 515566.

7511151 6675 (55515511.
65155551, 55155551 5155. 5555155.
551. 1555.’1111 (ineuntis 155. 666.

5. 15511555 551165555 ii. 6565.
5. 5555115555 6667.
6115155 555155555115115, 6156155555 111
6551551511. 6661. 6866.

551. iiiii flidriiiii 71611. 6555155155 6666. 6686. 6111. 66165 51. ,

6556155155 equitum 5515111 Alpinorum 5155555.
(516555555515551555 5555555555, 55551. 5155515 6155515555 51 6515· “

115. 55511155155555 55511515) 6767. 165565155155 6668.

vamum„ v, 5055, 555, ,t am„ 349, paepositus 65515515 5551555555 11515651·
nina. 1155555 6671. 1

61511555155,5.1555. 515516. 515. 111555. 5511555115515 551. 6671. 6876·

655155, 5. 5566. 515. ⁶!- 5155555.
11555155 6665. 85155555. os. 5151555.
115 51555555) 5515555551515551116676· ,

m

 

