199 » ΧΠ. 1109161111 911111.

1.1). Tib. 6976. 9111619791. 0⁵28.

111· v· 9191919 Μ· Ti. 91611111111. 161111119111111-
1. 111111111111 9666. 6111111 6969.

- 1. 11111116 6979. 111 [1111611116111111 9666.

1. eiusdem 11111 5691. Unguenmlu. 2088, 1996.

1 ;.1119.”11·........ ...1. 3: 111113111191.

mams'fflfm'm mmm 11116111116991. 7991.

11111111111116961. Μ) 99691991· ΑΙΙ9· ¹¹¹³· 2⁰⁷¹·
11116. om 1 1111116 11111161. Caes. 11111 997911.

7111111111 6999. 911111116999.
91111111111111111111 11161111116999. ΙῙι9919991119699991 9091111991 ⁴2⁸⁴·

9111111 6699 (1). 7997.

1. 1196111116966. e!- 1191111.
11. 11111111. 1111111, 1111111 9669. 9569.

ΧΙΙ. ΝΟΊἊΒΙΙᾸΑ 911111.

111111 eum 1111 6617. 111 16119111 6966.
111111111616111111111 6967. 11111111 6661.
1116111111616669. 111111111 6669.
1111111161111 9116116 111116119111 111111116691.

69611611. . 11111911111111 9596. 6999. 6999111.
111111111 9199. 1. 1619111111 161111. 7191111111·
1111111111 9599. 111111 6697 .

11111 1. 11111. 161111111111111111111611111111111·
1161111111111 6611. . 1611111111111 76191.
111111, 1161. 11111111, 1111111111 11 111- 1111111111 1679.

11116111 1175; 1. 1111. 111611, 1166111111 111 - 6796.
11111119696. 1111111111, v. 1111111691 11111,

11119111 9696. 9696. 11111111161111759.

11111 11111111 111 11111111 199. 1. 111 1111 1111111611 6996.

16111 116111116999. 6996. 1111116 11111119179.

16111111, 1611161. 6519. 6616. 1. 6111111191 6759.

1611111166, 11 111111111111119111· 1111111111 11111111 161116966-7.
1111 9111161 11 11111111 1611111 11111111161111619911.1166161.
6656. 1116111616 161111 111 11111111 7696.

16116111 11111111116916. 111611111 7991.
1611 9111111111 6699· 6699. ’1. Η6.6.1.1111111611161111116966

1111111116 1111116 599. 6997. 6966. 1111111111 11111111 6596.

6669. 11111161 9615.

Amnem 9979. 6979. 6666. 1111111 1111 111116 6699.
161 11111111 7699. 11111 5699.
1611111 611111, 6. 11111111. 111111111111 9976.
1616111119 161161116 6669. 11111111111116199. 6666.
1111111 9996. 6919. 1111 11 1111111611 mntem 9619.
111111, 11 669. 9996. 9116. 9996. 11116111196.
6661 1. 11111 6696.

6691 mlum ³¹⁸¹· 1. 11611111 1611111117916.
¹· 1111111· 9196 1. 1111111111.
111 lgm, 119 199966 pm} ff. Ι, ln opum “que mum dum
11 1., 11 1111111116 6659. am
11 1111111 111 6111 1111111111 6669. 1111 11111116 111661611 11 111 ‚mm
¹ 199691. 91191 W· 111111 1111611111, domm. 021..
111.. 1. 1. 611. 1., 11111 111. 6566· 11111 1116111116 1111111611,

 

