vm. 555 55555555. ’

055. . .. 1151155. .. 020. 55551. 510.

555. 1. 3511555155 5428.

1. 11511555. 51115515 5430.
11511555. 51115515 5. 11. 5443.
0551. 0501555155, 551851155551) 3575. 15155555 3575.
055. 1. Brutorum 51105515 5430.
115115 11511155. 2223. 1515. 2223.
1. 815515 11511155. 0510. 1515. 0510.
555. 11 θὲἒς. 1155515155555151151115555
75.

ouh· 11. Fr. 1151115555 55511515 804. 55551. 804.

unuln-Brutorum 55155555 55511515 3155. 55551. 3155.
055. 111. 05151555155511024.

055. V. 051151555555 1555551555 54305
5. 5515. V. lucernum.
055. 1. 5515515515 (5555. 5515515515) 1515. 3308.
0555555555 0300.
055. 111. 5555551515 515155 1155555-
555 5443.
055. 11. 05515555555 5433.
055. 05515155 51 1551555555 3000.
055. 1. 055155155555 5073. 1515. 5070.
055. 055151055515 0702. 55551. 0702.
055. 1. 815515 0555555555 (1) 55511515 55551. 0702.
sagittariorum 5484.
055555 515155 Romanorum 0048. 1515. 0050.
055. 1. 55511. 5151555 Romanorum 3308. 55551. 3308.

555 1. 51515511551555555555 488.

551511. 515155 1155. 708. 55551. 708.
055. 1. 51555155 5225.

055. 11. 51555155 023· 3020. 55551. 023) 3020.

5511. 51555155 3442. 3443. 55551. 555. 3442. 3443.
05151. 815515 055555555555 0703. 55551. 0703.

0857. 08585.

555. Vl. cummrgeuurrrm 0507. 55551. 0507.
coh. 1. 05555555 153 55. 55551. 153 55.
055. 1. Cugernorum 5442.

055. 1111. 055515 5. 11. 5443.
055. 1. 05555515 0755. 55551. 0755.

555. 11. 155. 055555155 5418.

055. 1. 05555555 5880.
15115 0555555 0088.
5 5 15155151555 5080.
5 5 05501555 0000.
5 5 1551551555 5001.
5 5 ’1515151555555 0002.
055. 0515515555 5500. 1515. 5500.

555.1.0515515555(0515515555)2153.· 55551. 2153. 8718. 3717. 4082. 4138

2710271740824132544335455. 54433.
1. 51115515 Dalmatarum 1833. 1515. 1833.
5551111. 0515551 (0515551.) 5442. 0080. 55551. 0080.

555. 11. urimur. 5418. 0705.

055. 1. 0555555555555 05. 55551. 05.

1. 815515 0555555555. (1) 55511515 0828.

1.11.055555.ω 55. 55501155155555) 5555155155155 4070.
055. ll. vargorum 5455.

055. 1. 8115515) 5028. 5551155 5028.

1. 11. 55511515 2153. 55551. 2153.
055. 1. 1510555555 5455.

055. 0511515555 2270. 55551. 2870.

 

