vti. 11110 10111111001011111 01

1111111111 3005.
0111117001.
01111101 0530.
· 1011111111 1000.
1111111 0170. 3010. 3017. 0000.
3011. 3010.
Tibure 3001. 0151. 7110.
Terenti 0070Ι
Papirio, 11110 0051.
Antonii 11111 7130.
11011110. 0510.
01111111 5000. 5007. 5000. 70501
0111115101. nete.
Narbona 00001000. 5000.
0111111170.
0111111111 3500. 0701.
11101011 0701.
0111110100.
0111111110111113133. 7071.
0111111 0000.
011111 3007. 3070.
Ticini 0005.
’11111110 0180 =·. 3005.
(11. rei. 11, 1. 1011111.)
Potito. 11111 105. 0077.
Bononiae 7000.
Ferro 1111. 01. 3000.
Ferentini 7003.
Foro 01110 5110.
1111 0111111101030.
1101111111 00.
Mutinae 5707.
Poiteotiae 155.
Regii 11101170. 3003.
0111110737.
11111110 00001.
Ferentino, Arretii 0100. neie-
1101111 5105.
Dertonae 73. 0100.
Larini 11011.
11111111 0051.
Peteliae 0000.
Potentiae 5010. 0017.
1111111 1100.
’11111111 7000.
11110111. 11111101 3705.
Anagniae 1101.
1111110111 1100.
Ferentini? 3705.
01111117.
Veronae 07. 0100. 0177. 3100.
0010. 0130. 3007. 1050. 1170.
5110. 5001. 3010.
Papinio, 0111111115000.
Corcyrae nigrae 503.
Beroea 0153 ti). 3100.
01111111 0000.
Tergeste 7100.
Quirino, Amiterni 100 (i). 3717.
,1111111 3701.

111100 71711.

1111111. inani. 100. 100. 170. 007011.
· 0110111110.

Brixiae 5050.

Capenae 3000.

01101111 1013.

cartennae 5001.

0111111111 5100.

11110111 0010.

cirtae 5017. 5010. 71101.
. 011111011000.

(inniterer.

11111111 0000.

111111 5000.

Laertae 0107.

11111111 5001.

Lindi 5700.

Luguduni 7000.

1111111111 0051.

0111111 1010 ep.

0111117171.

Peituioi 3001. 0150.

Pinnae 0710.

Reate 3005. 0750 (t).

Rornae 0751. 3010. 0031. 0000.

5300. 5500. 7300. 7000.

Rusguniae 5303.

0111101 3005.

Tarracone 0105. 7150.

’111101οῚ.

Terruit 69⁹0·

Veannee 1010.

Romilio, 1111113007. 0050. 7005.

Praeneaie 0303.
Romae 1000.
01111 3070. 0515.

0111111111. 111111110100. 0050.
Romae 3001.
011101. 1111110000.

01111111 0100.
Florentiae 0000.
Foro iuiti 3001.
Romae 1071.

Serota, 1111113010.
1101110100. 5000. 0130. 0157.
Atinii 0300.
angustae 111111. 1005.
Carnunti 0000. 0005.
(2110111111 0510.
Corflntt 1118.

11111111 5000.
1111111 3001. ·
Notae 000311.
Noritae 0000.
Romuleo 3701.
0111111 0030. 7010.
01111111 3050.
0111111111 110.

, 7111111113000.

 

