V. IMPERATORES ET IMPERATORVM FAitssLtA. ‘tt

815111 111. 708. 805. 810. 880.
81118. 111. 080. 887.
81118. 5158.

itania 11111111 0111811111111111111
111. 111111 81111 8151111 Aug.
11111 imp. Antonini 111. 811 p. 1.
1111111111 888. 887.

11111111 118151111 1111111151111.
1111111 111111 1111011111..1101111
111111. 111511115100.

1. Aetius 811111. 1101. 8158. 5181.

1118111. 111.11.111111.1111111111
111. (1. 187) 8118887.

111111101111111181. 1115. 111 111. 11
(1. 1871880.
11118111. ’1111111 8111-1111 ,111.

pout-tunt. 1111111. 11111. 1111. ff

111. 111. ii· 1. 811118. 1111111 811-
11111 111118111-1111111 11111111

1115. pot. 111. 11. p. 1(1) (1.1871
ruffi 1111.

Boionia 811111111111111111111 Pii) 881.
11111111111111(1111111111111 8111 881.

Art-iu 8110110111111 tt. 1111. 11111111
111. 1111111870.

111111.

Imp. 811111 T. 111111 Hadrianus Au·
1111111 11111111 81118118. 88881
11. 5807.

imp. 8. T. 111111 11111. 111. 111.
888811.

1111. 8111. T. - 111. 81111. p.
“5:³³88. 8888. 8585. 8580. 5181.
0815. 0081. 7000.

nunt. 1111. n· 15800.

imp. 8111. 1. 111111 1110111111 11-
1111111 8858.

inin. 811111 Antoninus 111. 8111 p.

111ιί1.. ffifffirtutonuuntug. 81110501.

1111. T. 111111811111111111111111
111. 8111 p. 1. 8885. 0888.

1111. 111111111111. 8111 8008. 8888.
8571. 8788. 8885. 5080. 5188.
0051. 8181.

u. 1. 888. 887.

111111111 111. 81118717.

n. 1. 5718.

11111111 A. 111. 8111 11111 1111111
1111111111 11118188.

optimus 11111111 1. 111. 81117108.
optimus 1110111111 11111111 A.
111. 81117170.

11111111111111 1111111111. 111111 11-
tonitui 808.

optimu minimusque 1111. A. 111.

. 8111801.

0.1.1111111111111 1.8111111.(111081.

1111. 1111111111885.

811111 111111111 8118.
81111111111111 111. 181. 5818.
811111. 888.

81111 1. 111. 8111817. 8188188.
81111 1. 81118581; 11.1’111111·11ο111
Autnuiuut 1111111111.

811118111 157. 8871. 1088. 0058.
11111 imp. 8111. 11. 1111111 11-
111111111. 1111111111 11 11118111.
1.. 11111111111111.1111111115181.

imp. 8111. 111111811111111111111-
uus 111. 8111111. n. 1. 1151111111
11511 111111111 88811.

1111. 811111 8111 1111111111 1. 8111
111111181115111 111. 81111111111
111111. T. 111111 11111111111111-
11111111. 81111111. 1111. 1115. 111.

111. 11111111. 11 (Q 1881880.
1115. 111. 111. 111. it (1. 18818788.
1111.11111111111111111111111

1111111111 811111111.1.1.(1.
188) 8008 tn

1111. 8111. 111. 1111111111 1. 111.

81111111. 1111.11.111.11.111.11.
u. i· 11. 1881880.

1111. 811111 8111 81111111 1. 8111
111111181115111 111. 81111111111
1111.1.1111111111111111111111-
1111118111 punt. 1111. 1115. 111.

1111111.1.1.1111111111111(1.
1881810 5108.

11111. Auitus .111111111111.8111
n. 1. tutu. 11111111111113111

1111. 8111. 8111 81111111 1. 8111
111111181115111 111. 8111 1111111
111111111.11111111.1.111.8111

pout. [1111111111. 11. 111. 11.

111111.1111111118818115158.

11111111. 1115. 111. sil. 111. 111
(1. 1101818.

11111111) 1115. 111. 1111111. 0·
11. 1101 1881) 511.

1111. 8111. 1.111111-11111.111.8111

111. 11. p. 111. 111. 1.1.(1.110-
1151880.
1111.8111.τ.11111ι 11111111.
811111111111.1115.111.Γ7.111.
111. 1.1.1111.11(1.111)180.
11111111. 1118. 111.1”1“11.111.1“1”1.
n. 1. (1. 111) 851.

11118111. 81111181. 81111111111
1. T. 111. 11. 111-1118111111

1111. u 1. 111. Γ11. 1115. 1111111
(1. titi 0718.

1111. 8111. 8111 11. fli. 811111. 811-
1111111. 811111. prun. T. 111. 11.

 

