10 V. 111011111Το11ΕὸΕΤΙΜΡΕΗΑΤΟΗῪΜΡΑΜῙΒΙΑ.

1110. 001. 11Τ111110.11“1. 101. ῙΓ.
0. p. 11. 00011050.

0011. 011. 1110. 001. Vll—[Eiron. Χῖ

101. 11. 0. 0. 01110. 111. 010101
(1. 001) 11010.

0001. 11111. 1110. 001ῙΓ111111οῘ1ῙῙῙ.

111011. 111) 101. 11. 0. 0. 010101
(1. 001) 001. 107ομ .
0001. 0111. 1110. 001. 11011110. 1111 (1)

m 11111) 010101. 0. 0. (1. 001)
10.

1100. 0111. 1.. ·- Pertinax 1001110
10110. 0111011111. 0. 0. 101. 111
(1. 0001010.

1100. 1.. 8100111οι 0111101100. 0101
01111-00111111 11011101101 111111101
101. 111 (1. 0001100.) 001.

11110. (1111. 11111 011111 1111. - 0111-
101 01111011 100. 1110. 10110.
01110. 1110000111111101110.001....
00101. 111... 010101 (1. 0001100.)

11110. 11111. 1.. 1111. - 010101111011
100. 1110101111. 01110. 111110.
10. 11. 001...101.111 (1. 0001100.)

1010. 11111. 1.. -0101011110111110,
10110-011101111. 00111. 10111110.

001. X. 11110. 11. 001. 111. 0. 0.

010001 (1. 000) 01.

1100. Caes. 1.. - 010101111011100.
1110. 10100. 0111011111. 0001, 1011.
11. 001. 11. 1100111. 101. 111. 0. 0.
010001. 01001011111101111, 10111111-

ἓιὲέῐ111111111001001011011010000)

11110. 011101100111111111. 111. 0111-
101010101111011 100. 011110111111
011101101 11101101 11 011101101
101101010100001. mn· 1110. 001.

111. 110001. 011. ῙΙῙ. 010001 11.
000) 010.

1100. Caes. L. - 11111. 10110. 01110.
0111. 1011101010111111111111101. 0001.
11-11. 1110.001.’1’1Ῑ. 1110. Χῖ. 101.
111. 0. 0. (1. 0011010.

,1100. Caes. 1.. 1111100. 1. 11111011
010. 0111. - 1110101111-..01110
101-1. 0. 11. 1110. 001. xm. 1010.
00οΜοΜω1

11110. 11111. 1.. -1110 10110. 01110.

. 0111. -110111, 1011. 1110. 001.ῑοἮῖ

&mmaffimmmm

11111111 1101.

10110 11001110 Severi:
10111 1000111 5107 111.
1· ΡΙ. Aust 5³⁹8· x

11.) 1101101100. 001.

10111 1101001100. 11100. 10100111.
0100. 0505111.

1. 1000111 0001101 0011111110.
111111 01. 10100101 100. 1. 0. 01.
1111111100. 005. 1070.

1111111 1000. 0000.

1100. (1111. 01001111 1111111 011011-
1101111 100. 1110. 10110. 0111.

1011. 1011111000111 (11111111) 000.
11111. 110111101001 100.

1100. Caes. -0111101111100 1111.
101111110100101111111111 1100. 0110-
0111 011101, 01111111111010111 013.

1. 1100101 100. 011111 1111101010,

011111 1000111, 1100. 11111. 1.. ·-

100. 1101010011.

1. 100. 101111 1000. 11 1111101011
005. 0100. 5100. 0011011750.
111111 100. 111111101011 001. 5001.
011111 1111101. 11 100. 0111111. 0000.
1011110111101. 108. 1010. 00001000.
011111 100. 0. 111111101010 111101-
101 11 0111111 11 1100. 11111. 01.

1011111 11101101 011 0111011 100.

01110111 1111111111 1110111111 01111·
011013.

101111 0010101001111, 0111101001. 11
11101, 0111111 1051.

111111 100. 0. 1111111010111111101· .

101 11 0111111 5017.

ιιέιὸιὸἑ 1111101. 1111011. 11 0111111

1. [101101 011 01111100. 1111111100. ’

gosem· 110111111 111111101001

1111101001, 1101101110111111 11011.
Ι. 100. 1111101100. 110111101010, 11·
01101 11 000011 11010101 1015.
1110. Caes. M. 1011110111101111111100.
(0111111111.

1. 011 01111100. 011111 10100101100.. .

1100. (1111. 11. 10111101811110110· ἢ

1001001 100. 11701.

11. 0. 01. 101. 0111101 101001001
0101001.

1100. 11111. 01. 101. 0111101101001-
101 0101 01111 100. 00011.

11110. 0111. M. 101. 101011001100.
01101 1101 (11. 1.. 81011001 011111)

1010. (1111Ι 11. ·- 100. 1.. 0101111111
011111 011 0111101011 100. 111101

1110. Caes. 0101111111 sever! 011011-
1111111 100. 1110111111010111011-
10101 10111011 1011111001 1101111001
111101, 1111101. 101. 11100101 1111·
1010111 0110111111 11001, 1111110-

 

