IX. 111111111111111. 150

011111113050. 3007.
0111111· 0000. ’

7050. 7000. 7000. 7070. 7071.
7103; 1. 1111111111111111111111111

0111111 1101111111 1111111111 7111111111 11111111110111111111111111.

Mul. 3003.

1111111 1. 1. 1. 1. 1. (11111111111,11- ’

1111 11011111111111111111)0111111111 pmfoeug

0700. 0071. 713ος 1101111 dicuutur
11111111. 1. 1.1. 1. 1. 1. (1111111
1111 111.) 7137. 7130. 111111111 1.
1. 1. 1. 1. 7001. 7050.

1111111 11111111111 3001.
111111111 111111111 ,1111111111 0057.

1111111111 Corui 011111 11111111111111
1111111 11 curium 71111111111110
111111111111111110111111111111111-
,111 7100.

1101111111 11 11111111. 0. 11 1111111
11111111 11111111ιί11· 3070.

1011111 0007.
,1111111111ιί 3000.
0111111111 7000.
1111111111 110.

mun. 011111. 111. 7001.
1111111111 0010.
11111111 11101111 0001.
Narbone 1000.

111 1111 01111111 3070-
011110 7070.

0111111111 3000.
1111111111 0111111111 3700

1101111 1111111111111113030. 3070. , 1111111111 1111 11111111

1111111111 3070. 3070.
1101111 1111. 1011113070. 0000.
0111111111 3010.
1111111 1111111 0111113707.

1100111111 111110111111111111117130.

Ronmanorum. 7110.

1111111 0007.

111111. 0071.
1111111111 1011.
0111111100. 3700. 7007.
cordubae 3010.

01010111 0007. 3010.

11111 111111111111. 1111111 Goon 3707.
1101111 111 11111111101111111111· 3000·

1111111 111111 1111111111111111111111-
111 11111111111 1111111017 0000

11111111111111111 11111111· 110ος of:
1111111111 1111111111.

111111111111111011111 0000. 0. 0. 7011·
1. 0. 11111111111111100. 3000.

1101111 summos moomrotuo 111111111111
1101110111 11111101 110111111111.
mon. 1111. 111101111111. 71111111.
1. 1111101111 1111111101.

1111111111 111. 111111. 1100.

01101111 0000.

01111111 3701.

Eburi 71111.

(1111111111 noo.) 307011.
011111 0100.

01111101 7101.
0110101111· 1101.
1111111 011111 Tu. 70001.
Nomou 7030.
0111111101110. 0511.
1111111111· 0150. 0000.
0111111111 7101.
00111 0015.
01111111111 3700.
01111111 100011.
01111111 3000.
71111111 0037.
7111111111 100.
Veromo 0301.
71110111· 0100. 7110.
1111111111 307011.
Ulubris 101. 1010.

11111. 1. 1. 111 decurionibus 1111111
111111 111. 3000. Gadibus 0007. 3010.

, (21111111 11111 70111111) 0510. 111111. 1. 011111111111111111111111
01111101 3707. 0007.

011111110110111011 Tmfflm ³⁹⁸⁶· 1111110111 productorum 1111 0111100

11101111 honoros 11111110111111111·
11111 011111111010.

’11001111 111111 3005.

1110111111 1111110033. 0001111.

11011111] 11111111111 11 1111111111111
111111111111 11 1111111111 7100.

11. proauorum 013 <Pirum 01 11111
praefectorum 1. 1. 7101.

11111. 1. 1. 11 1. 1. logo Petronio
0111111111 307ος 11. 111111111 loon«
0111111111.

1111111111 111 11111 1111011111 1007.
Nouioduni 011.

1111011111111111111111111111111.. 1111101111 1003.
1111110111 sommo 111 1111111111 111- 1111111111 111 1111111111 duumviro
1111111011 suoru· 111111; 11. 1100. 1. 0. 111111111111111111117111,
0017. 3071. 3075. 0070. 3077. 1111111111 1 duumviro 1. 0. 11111111
1010. 0170. 0770. 0030. 7011. 7101.

ι·-

 

