11 vn. 111 11111111111111111.

0111111111 Aug. 711111. 710 (1). 0100. Veromo 000.
0070. 0111111 3810.
1111111111 3155. 3101. 3001. 3003. (pro Votum 1111111· 01111111 0755,
3001. 1100. 5108. 1111 1111111.)
0111 111111 5100. 01 1111151111111. 11, ρ. 11-00, 1111
51111111111 5100. 7071. 1111111111. 300511111111 0111-
011111111 3015. 1111111101 11111 proposito 111
1111111 3571. 3501. 11111111 1111111111111 1111111111-
’1111111111 7051. 111, quarum 111511 1111 1111511111·
1115111 3115. 3805. 111111111111111111111 1111111111
01111111. Romae 710. 3000. 3007. 1111111. ΓΙ.1111111110.1..011111111,
3000111. 0510. 11111111111111111511 11011111111111
7111111111, 11111011 5107. 1.11111111111111011111111,2111111.
111111 3157. s. Δ1111111111111111111111101830,1.
01111111 110. · 0151111.
011111 0357 (1). 0797. Tribus, 1111 111111 1111111111. 11111 11
11111111113811. 11118, 11151111 1111111111 1111111111 1. 11
0111111100. . 3005. Sunt 11111111
0111111 0080. 0770. 0000. 7130. 11111 1700.
7110. Augusta. 111. 11, 11. 10, 0.
Τ111ι111111,1111111.,1177, 0057. 1111111, 1111, 7.
11 0111111111 3001. 111111, 111. 11, p. 11, 00.
1110110111. 7001. 11111 1 1 1 15, 03.
Grumenti 7000. Ulpi· 1 1 1 18, 53.
5111111111 3017. Tribus 1111111
011111110097, 11111111 111.11,11.10,3;ι1.08,0,1.
811111150151110105. eampum 1 1 1 01 1 n »1.

1111181111111. 1017. 011111 n 1 13.
vom 3118, 0111111111 307οἹ 11 1 10.

011111, 1111111113151. 40111. 011111 30751 n » 15.
Auum! 3300. 3000. 3000. 3000. 01111111 111. 11, 1100.

01111111 3812. Duum 30711 111.11,1.08,11,0.

1111111117071. ΕΙ. 1 1 1 1 17.
1111111111111. 1111. 1111113001 a 1 u ι ns· 1

1111111111. 11111111 . 1 a . ,1. 1

Ligurum 1111115057. 7050· 0111111111 n 1 u 1 1 10-

011111117177. 0111111111100011. 1 1 1 n 11.

01111111110175. 01111 111.11,ρ.131111.; 1 111.

0111110030. mnam 1 11 110, 30.

11111111 5105, · 8111111,81111111 30801 1 m
11111111.11111111111111. sonuum 1 1111.

11111111111111111111. 011511111 3007 1 ι 11.

1111111111 0015. 01111111 n ι 15.

11111111 5070. 1111111111 3080· 3075.

0111111111 0811. vor. 111. 11. 9028. Ε, 10. 3000. 3000.

v 0111 Aug. 01111011005. Vos. 1 1 1 n 1 17.

0111 August. 5001. 11111 11111111111111111511111111110111·

01111111 053 (1). 051 (1). 057. 1111111171111111111,11111111,111.

Nemausus 0157. 0510. 0513. 5007. 111 1008· ⁰·

1111111111 05311). 0510). 317. ——-

0011111113005. 3710. 2 Senam

1111111 0073. ’ “

01111111 5110. 5117. 81111111 populusque 1111111110. 3. 01.

71111110 5173. 7117. 00. 500. 715. 750, 750. 7007113.

’1111111 3551. 011. 010. 111111111111111111.

0111111115. 1530701. 3810. 5301. 1803. 1001. 5300. 5307. 5157.

5000. 11111111 111111111111 010.

1111111111111111111. 11111111 3111. 5503.

0111111105. 3310. 1. 111111111111 00. 3171.

0111117011. 0005. 1111111111111111 000. 0058.

1111111 3055111. 1111 1111111111700.

 

