11 11. 6166161661.

6611611 6611616611661 6666. 16111111661 6666.
661611611661 6666. 161161116616666. 6666.
1116116111 11111611661 6666.

61111161 11161661 m 1661161661 6676.

666661 6616161661 ’ 16616611661

616611111161) 6111 1616611161
611166116616666. 666661 111161611161 Μ.

6111116111 Ξ 11161116161661
611116161161 ⁶⁰⁶⁴· 11611661
6111 161111111 6666. 161111661
6116661 66161611661 6666. 661611111616666.
6161611661 6666. 0611661661 6666.
(166161166161116616666. 6611116611 m
1116611 11111161161 1666. 61161661 ”
666661 111166161661 1 66111116616666.

16111661 Q 6666. 6661611661 Ι m
16111661 11116161611611 61611661 1111661661 “
16611661 6666. 61111661 16111161 6666.
16611661 6666. 661111661 6666.
1166111661 1111111661 1111611 6166116666.
1661111661 ξ 6666. 6666616111611116616666.
16111661 6661111661
611611 161111 6116. 6616111661 6666.
1111611 111161161 6666. ’1111661611111111661
6111111 1116661611 166. 71116116617666.
6116661 1116111161 ’1111661661 6666.
1111611111661 1116611 ’1611161111 1776.
1111111661 6666. 661661 6111111661
111611661 6111111661611111661111611661
1166161661 · 6116611161 6116111661
1111111661 6666. 61161161 ⁶⁶⁸⁸·
1111661661 · 61611161
16611661 611111661
0611111661 ⁶⁰⁶⁸· Vergilianus
11661661 · 66161661 1776.
116111611661 6667. 6111116111 611661
11116111161 6666. 11111661 6666.
161666611661 6666. 6111611661

1111611661 6666. 1616111661 6666.

ΙΙΙ. 1111. DEAE. 6116010611111111111.

1161116, 61611. 1666. 1666. 16661616676. 16611161) 6666.

1116161, 6661 - 6776. 11616161) 6666.

1666116676. 116161 1. 1666. 111661111611111.11.61.116.1616.1676.

111166115761. 66666 1. 1161111161. 1676. 1666. 176711-666616611
’ 16111611 1176. 6666. 6666. 6766. 6767. 7166.

1616611.161. ·· 1666. 1111111. 1676. 1676· 6667.

166611 1666. 1161111161 1. 6616. 6616.

16661. 1. 16111111. 1161611111 16761666. 6166. 6661.

16116116 6116 6666. 1. 1116161111111611676.

16611661 661. 1766. 6676. 6671. 1111 161161 1116611111111111661.

166611661, 1. 16111111. 1. 11111166611616616.

166611 1676. Numen 1. 61 1111111 7166.

16111616666. 1161111161 1667. 1676. 1766.

161111611161. 6666. 6611. 111611. 6766.

111661 (1111106 ΚΛΕΙΔΟΤΧΟΣΗΠὸ. 1. 11161161 16161161 6666.

116111, 1. 1116111. 616161116161111761.

 

