xri. Nummi vomi.

1111111 rmrooorioriu 1511.
1. euro 11111 11111111 5111.
1. 111 111111111 11111111 1755.
cremore 1111111177.
11111111 1513. 5513. 5511. 5531.
111111111133. 1111.
1111111111 1111.
5111111111 11111111 11111111 11111
111 1111111, 1111111. 1517.
1111111111 1515. 1111.
Cubiculum 1111111. 1551. 7151. 7511.
1111111511. 1115. 1111. 7111.
111111 1537. 151111. 1511 1151.
cour 1117. 1551. 5151.
curio 1111111111 1515.
Curio 51111111 11111111111111111
111111 7111.
11111511 monumentorum 1351. 1111.
11111111 11111111 1111111111111.
11111111 1511.
Domuum 11111111 1115.
11111 51111111 deformior 11111111 1511.
1117. 7311.
1111111111 7311.
Debitum 1111111111111.
11111111 7153 111.
1111111111) 1111111171.
11111111 7517.
11111111 111111 1111111 1511.
11111111 1171. 1111. 11511 os. 111 111111
rr 11111111.
neroum. 111111 1515.
1. 11111 1111.
111111111111 111 rior 11111111 11111111
1111111111 5151. 3111.
1111111111 io uouior. 111111. 1131. 1557.
11111111 7155.
1111111111 11 11111111111111133. 1131.
1. 51111111117551.
1111111111 1111111111, 1. 1111111111·
11 111.
1111111111 1111111111ῑῖ) 57.
1111111, 11111 13711131. 1511.
1111111111 5131.
11111 7111.
1111111 1115.
1111111111711. 7151.
1411111111 1111.
ri. 1111111-71111.
1. 1111111111 1111. 7311.
1. 11111 1117.
¹ 1111111111 7311.
11111111 1117.
1111111111 7111.
1111111111 1115.
1111111111 5111111111, 1111111511,
11151 , ooiiroiir 111. foetor: 131.
775. 1511. 1531. 1115. 3715. 1711.

correo usurpo. 1111111. ur.

1715. 1711. 3711. 3151. 5111.
3117. 3111. 3111. 5111. 1117.
1111. 1111. 1175. 1111. 1151.
7111. 7113. 7115. 7111. 7115.
71157171. 7171. 7173. 7111.
1111111 11 1111111111 111 1111111111 11
nominum 111111 1111111111111, quoi
111111 1111111 1111111 1175.
docio 1111111 11111 1111111111.
11111 moiun 111111 11111 1111111311.
1. 11. 1111111 1111111111571.1111.
1111111111 1151.
1111111111 1511.
1111111111 111.

1111Ξθιῇ111111 71. 1515-1511. 1511.

domui 11111111115 11111 11111111 ’

1. 1111111111 1511 111.

Domus 11111111 1111. 5311. 1311 111.

1. 111. 1111111111.

1. 1111111111 5731.
11111111111111111. 1175. 1571. 7111111.
1111111111 1151. 7555.

Editio 11111115111117151. 7135 111.

11111111111111 proprior 1111111111
1111111111 3311.

5111111111 111111111111111 1111.

1115111111 11111 5115.

1111111111 1115.

5111111 3111.

1. 11111111 oratiorium 7511.
1115111111111111111 1571.
toruior· 1111.
trimodia 3311.

1111111111 3175.
5111111111 1511.
1111111 51. 1111. 5115; 1. 5111111111.

o. 111111 5515.

1. 1111111711.

1. 11111111 1117.

o· 1111111511 riorum 7171.

or 1111111111 1 decurionibus 11111111

1111111111 focium 71111 11.
Equorum 1111111513. 1311.

oqui 111111111513.

equor 111111 1111111 7111.
1111111111 5151.

511111 5155.
111111 1111 111.

11111 1111111 11111111111111111.

111 111 flur 1111111111 11111111 quid nimii·
iiorr 1113-11.

11111111 = 1111 1711.

11111111 1711.

1111111 7111.

urum 1715.

Euroo 1111.

1111111111 1111117357.

lixorium 1151.

 

