111. DII. DEAE. MYTHOLOGICA VARIA. 33

’1111111111 1333. 3. 3111111 1371.
Triptolemus 1311, t. V. 1111111 3. 111111. 11. Aug. 1375.
’1111111 3060. 5378. 5773. 5331.
3111111 383. 3131. 31051 11. 111111 3111111111151111115373.
’ 31111111. 3.11111113111111111111.5330.
Tutela 1733.1737.1337.5373. 3111131 1111111111, 3111111 11111
31111111111,1.31111. 311111111585. ’
Τ. Aug· 008. 3113111311] 31031
Τ. 311111 31111. .. 1700. 31111113031.
Τ. 1111111111 1033 = 3153. 3111111311111 3033.
Τ1111111 1833 tp. 311111, 3111111 3033.
311111111111. 1. matronae 3. Vertumnus. 1. 3111111111.
311111 1837 tp. 311111111 3031.
31131111(1 311, 111- 11 3111) 5313. 31111 K. 31. m. 1111. 3. 31111. 31111.
31111111 1333. . 11111. 1333. 1330.1331.1333.
3111111111111, 1. 1111111113. 1155. 1798. 3370. 3371. 3353.
31111 5313. 3351. 3181. 3185. 53535337.
3111111, 1. 11111111 3. 3036. 11111131111111. 1111. 111.11,
31111, 1. 31111. ρ. 381.
3131111111.1. 1111111111 3. V. 11111111 1333.
31311111 tt. 31. 11. 31111. 11111. 3. 11111111 1111311111 3111131111·
3. 1111111387. 11111330.
31111 1310. 5033. 5313. 1111111113. 5333.
31111 (111) 31111111 111111111111111· 311111 311111 3333. 3331.

111111 1371. 3. 3111111 3111111111 331.
3111111 5761. 3. 1111111 331. 1181. 1333. 1733.
31111 tt. 31. 11. 1111. Κ. 0111. 11111. 3370. 3371.

1353· 3133. 3115. 3383. 1156. 3111111 5331.

1613. 5137. 5335. 5373. 5381. 3111115830.

0113. 3311. 7335. 7333. 111111 31111111,’1.111111113.

3111111 m. 111. 111. 11, p. 330. 31111111311,1.1111111113.

V. 111115. 3111111, 3111 -11111115333

3. Aug. 1333. 011131111113333. 3033.

3. 11111111 (111) 3333. 3111111 3035.

3. caete-1¹⁸ Aut· ¹³⁵8· 11111111 tt. 1111. 11111. 111. 111.
3. (1311311 (t) 1353. 13731355. 1387. 1303 tp. 133511.
3. 0113111533. 1810. 1838. 3311· 3307. 3733.
V. 111111111111 1333 sp. 1373. 5831. 7033. ’
3. 11111111 ttot* 13). 5377. V. 1111111111111131111111111113133.

3. 3. 1111111 1333.1 11113. 387. 338. 5317.

3. 31111111 1331. 3. ,1111111111 111111111115170.

3. 1111113331033. 3. 1111111111 31131111 3113111 111-
3.11. 11111 111111111111 1111111 111131 gustatum 1811. .
111111111 11111111 materque 31111 V. 11111111 103. 505. 1731. 1835.
1335· 1838. 1833. 5573. 5331.
3. 31111 1370. 3111 3. 1317.
V. 1. 3111111111 7331. V. 3111111111 1311111111) 5507.
3. (1111111 1111111111 1367. 3.1111.3111111131111111111113037.
3111111111 11111111 1338. 3. 11111111 31. 1111111115835.
3. 11111111 tt. 31. m. Sept. 1353· 3. 3113311111. 3783.
1377 tp· 1016. . 3. 31111111 11111111 1111. 5170.
11113. 11111111 1373. 3111111, 1. 11111 3.
3. 31111111, 1. 3. 3111111. Augustus 31111, 1111. 3111111 5333.
3. 1111111111 811111111111111 1333. 311111.1. 31111.

1131. 3111111, 31113. 3035.

3. 11111 11111311(11)111111 7333. 3111311111, 311 - 5331.
3111113187. 31111 1307. 5733. 5731. 5313.
3. 3111111 1371] 3111111111 3333.ι

3. 3111131 1373.’ 3. 311111118331. ·
. 3. 3111111111 5633. 3111111131111 331. 1733. 3370. 3371.
3. 11111 111111111111373. 3111111, 1. 311111.

 

