8111. 11118 MILITARIS. .

Prorota 11. 1888.
ii. 8818.
8111111 (181111. 8881.
1111111881 11. 8851.
88181881 81188181111 11. 8885.
88118811. 8888. 8888. 8887.
8181118881 11. 8870.
81118. 11. 88881 81. 5818.
8888111118181 811111181111. 88011 cs.
1111111.
88888818111. 8888.
symphoniacus 8800.
’1188111181 11. 8838.
7811118881, 8. 8181111.
’1118111111 8111111 881718.
’1881811 8881.
81111181 188111181 11. 8801.
11181111818811811. 11. toto.
Vortiartut 881818.
881811881 88111111.
victimarius 8118818111111. 8811.

8. 1111118118 cortu.

11111881 nonttn 8111118111 11111111 8811
8181111111 18118888111881818111 8858.

8111 = 1118811111 8551. 8558. 5808.
8878. 8811. 8818. 8813.

1881111881 111111811 81 optionibus 188.
111. Aug. 1188811181881 0780.

Α1181111181111881875. 8588. 88081.

1118111811 = 1111111 8781.

81111181 1188811111 1111811118111 8788.

ΒΘ1181118881 Kal. 111111. capr. m. 8181.

851518.
Armoniacum (11. Antonini 11 1.. 8811)
1111118818 8887.ί
8118811888158771 ct. 1111111118. ⁴
Britannicum 8787.
(11. (1181188588.
1118188111 8151.
(Domitiani) 5181. .
(Traiani) 8018. 3570. 8180. 8771.
8. 881111 Dacos 18 invictissimo imp.
noairo Traiano 111181181 8111118111
118ε101118,
Delmaticum 1581.
8111188111 (811111111158838851.
Germtoioum 718.
(1888111188. 111111) 8811) 8188.
Germanicum Dacicum 1878·
11118. 888518.
Iudaicum (innutriunt 111111) 718.
718. 8777.
(Hadriani) 888.

118

1188111181 conti 81811818 1111881111
811118 8888.
818818881111111811 888. 8188.
(88 Antonino Pio 8811118111) 8888.
(i. Veri 1111. Antonini) otoo.
118188. (811811) 5801.
Samnitium 510.
81811. (8111. Aug.) 858518.
8888118111 11 Sarmaticum (8818111181)
80188788.
8818188111 (1111111) 5188.
8111188111 881.
11. 118111118811.
Cantica 111118181881111111 8308.
Castra 0111188118111108518. 108818.
cinnor I’ocnicac 818.
collegia 1111111818, 8. 88111818.
8181111188811
18 Armeniam 750.
1111111 1881111) 788.
81111881111111111181) 801. 5158. ·
8811115811.
1118181 (Traiani) 5150.
811191ἓ111111111811885. 8111181 (811111)
Germanica 8801.
1181811118) 8588 .·. 1858.
(11. Antonini 11118111188818177.
(tt. 1818111111) otoo.
1188811 (11811181) 788.
118111118181 1811181 11 11 111811811-
1118118818.
0811111181 8111811181 (11. Antonini)
1811111 (1111111111) 51808500. 8501.
Parthica (Traiani) 5158.
(L. 81105178.
(881111) 788.
818ἲὲ881 (11. Antonini 11 Commodi)
8818181 1181811181(811811111181811.
syrino (1181118111) 885.
omuibus 81881111811881 11 8888118111
8811818181 858518.
Deductus 111118 1 8118188811881181. ¹
11188111. ing. 8111188. 8885.
111. icu- 811118880.

1181181. 18. 1111818111, 818188111811181
8118181 1111111181 1888. 8888.
11811111 militurn:
8. 81881111818581.
iucundus 118111 8118. 8181. ttot.
8588. 1178 811.
18881181 3818. 8818.
8. 18811118181 8817.
Incrementa 811181 181111118 7170.
Latonam: 181111111 8810.
11811118 88811818578.
1111811 = 111818111118118517.

 

