r u. uuourrrrrucrj

1115051501, 151. 80. 1111511115880.
1050511111, 551. 151. 1085. 111115115181.
1111115151515181. 8518. 111101111188.
11111 118 sp. · 111111518511151 108. 5177.
1111111750. 5178. 8818. 1115111151 000. 018. 311. 858 070.
A. 1511510817. 100. 5000.
1. 5115518813. 11110115111 080. 5810.
11501111, 151115111115810. 1. 1515111380. 8117. -
1151 81. 111. 111 811111 11511151 15111111 1151·
1151151 80. 5005. 11011. 080. - 155011111 0011 rs·

11115111157111. 11115110. .

Arrago 5810. 1151511 0118.

1111111111 8517. 8508. 1500151151 0778.

111111513100. 0710. 1515111 807.
1. 1515111100. 1. 011115551115 75. 0885. 5180.

11111501 510. 1. 8115151551 1810

111111 1000. 1. 51510151115800.

11115511551.111111 - 0001. A. ’8110551115 5180. 11111 1111111

111111 11155511. Τ. 71.

1115111180Ι 1.·11115151511 838. 8770.

11111551 005. 5800. 1. 7111111885.

111115 115115111 rr) 5800. 811 1111111 Faleriis 1000. 3010.

1111511111080. 111111. 5111551. 108.·

1111111 1585. 8111111110.11111151110151185511101

1111155015 8100. 8500. 8510. 8011. 0785. 1015. 0888.

111111110708. 7158. 7100.

1111 108, 578. 750. 788. 1181. 1185. 815111 August. (1058111515) 1088.
88718055.8781.0000.’0151.0800. 81151111111515151111111111)00800180.
0181. 8051. 0058. 0801. 0870. 0803. 1. Augustinorum 8581.
18081001180158185151. 5500. 115111151511 geru 158.

5500. 0007. 8117. 0151. 0170. 0188. 811 1111111 8878. 8008. 8780. 5108.
ωοθῠωοῧοῦὃοιιωοιιόοῃο ⁶⁹²8· Vr Α· non 3³⁰⁷· ⁰50¹·
8810. 1. 1. 11111105.

1111151111 08· 1850. 1781. 8187. 1511111511111515515111151,5111111111-

111511551 0010. 5007.

1115115 87081. 111151151.1111111 -· 0785.

1111 105. 15111151 8105·

1111111 5810. 1115511151, 5111111808.

111. 1111111111 0780. 1511511111 0888. 0800. 0800.

11150177. 00013571. 5818. 8188. 0807. 15111501 151. 588.

11111111 150. 778. 01011551518050.

111115111111111515111 1088 01111111 5118. 5155. 5878.

11111111 151. 808. 0155. 8811. 0170. 1111111111 5810. 5880.
0507. 0708. 1880. 5818. 5118. 5188. 11111151 80. 8750. 0178. 3851. 0000.
5130. 5155. 5511. 8707. 01181. cs. 0510. 0570. 0017 11. 1070. 5180.
18111511. 5085. 0181. 0187. 8581808111 rs.

55511515111151151 5818. 1111151115.

1115111151111111511 151Ι 0151115801. 0588

11511151 130. 0507. 81511551 75. 5108. 5108.

11511111 5888. 01111 108.

1151511 711. 01151115118111555111 5181055115111188.

1151151 11185. 81111111 1110115 708.

111111 0887. 5501. 1111155111 188.

11111151 0110. 5111. 5115. 815051 5185.

1151511 0188. 01551151 585. 5031.

1. 15111511. 8111111111 5110115115 51111111 15811.

11111111 0. 1078. Barbaricum 0810.

11111151 100. 110. 8885. 0788. 1018. 8115155, 151.8111111110115111151101
1085. 5107. 5185. 8113187.

1. 1111151 8880. 0511155515111 1080.

11115011 111115 8001. 5888. 1111111515 750.

 

