Ι. NOMINA.

⁴ Nominum 0160 101611001οη01 6706 nnn.
6111100101 00101601 11110111 1011011 6700 1000.
6110001010110111111110 6706. 6700. 6710.
0111110111Ιο1 600 0010111116160.

1. 6100000100 1011010 01101001
6711 1000.

Annius 58. 6711. 61161 001. 1, ρ. 476.

611101 0. 0101.
00011001 5660.
11016101 6616.
1101101001. 1, n. 476.
61101101 6160.
1111101 166.
1110101001. 1, n. 474.
11011101 6614.
61111111 566. 0615.
1101101 6407. -
1100101101001. 1, ρ. 474.
0011111 166.
0011101 001. 1, p. 476. ,
0101 1046. 6667. 6666; 001. 1, ρ. 476.
01101 6616.
6101111111. 6111111 6610.
6101101001. Ι. ρ. 474.
Percennius 06101.
00116101, 0011101 6660.
110111110οι 6141666166651001. 1,0.474.
61111101 001. 1, n. 474
1110111101 6666. 7066.
Funus, 00010011) 6716. 6710. 66661.
6111101 6761. 6664. 0504.
6111101 6164. 4406. 5600. 6666. 6660.
7060. 70061 001. Ι, ρ. 476.
’1011101 6166.
’1100101 6660.
00 600110 nominent. 6066.
cognomen 0116604.

11011100, 0100 11011 pro praenominibus
1101001111

0011111001. 1. p. 476.
61001011 6616.

01111101 06161 001. 1, ρ. 475.
61111001001. Ι. 1.1.

60000601 166.

0101011001. 1, p. 470.
6111101 01011 pro 6010101 166.
’1101111 6765. 6166. 676111 166.
111101 001. 1. ρ. 476.

11011111. 101111011. 111110. Vol. 111.

6. Ρια10001100101110010111, 1100 10000-
mina 001010 1000 00111οε 6760.

mmmmmws
6113104191, ρ. 476.

6111111111 6666.
110111 6617.
1101110111 001. 1. ρ. 476.

1110111 551. 1501. Cf. 7666.

111... 1111.
1101. 1111. 1111. 001. 1, ρ. 110.

001111 6661.
0010111 6746.
11111111 6666.
601111 6641.
’101111 6665. 6666.
11611 6666.

111010 010 praenominibus [1111001111
notentur.-

10011001. 1, p. 477.
11111 166.

0111666ος 166.

0001 001. 1, 1.1.

0011101166.

011. 001. Ι, ρ. 460.

6011111 6667 (10110110 1000011111 0101.
1111011101).

0010111 6766. 67641 001. 1, 10470.

60111 6165. 67671 001. 1, p. 160.

’11110111 001. 1,1. 1.

1111166.

6. 11001100 0101100101 Ι10111110 0010111
111110 6647.

0010101 0001111111 nnn compendium 01·
010111 6645 (1011166461.

16001 0100011110 0111111 01 1110111
6751. 6756.

0. g. 6110111 11111010 01 10101001 6750.
Do 0010101401 1160110100 0. 11601101.

0000001100 1111001 6011010110 001. 1,
n. 4³³3 6646. ’

11100100 106. 107.
R

 

