16 Π. (imunii‘iiicn.

911515111 9111111151 118. 9111551618. 1999. 8118. 8171. 3179.
91555591 3611. 5151. 69191 5. iptio. 8171. 8175. 8119. 8919. 8175. 1919.
91515911 151511 5197. 91115115 6867.
9155515151. 551. 155. - 918. 91115511189.
15155119155515111151 8789 ·...·· 5567. 91111619. 3777.” 1191. 5191.
5191. 15195151 813.
111 5. 91555159151 718. 111 p. 911155155 1918.
915551551 (9155115115115999. 151551 911151 613.
91555511591. 5198. 5189. 5181. 5189. 91115155 89. 5919.
5161. 6195. 151. 911151. 5115.
91511955 591. 9851819. 3581. 3715. 551. 15111 91919. 81. 8696.
3655. 5159. 5191. 66571. 6999. 111 5. 9515115111 1951 = 1555.
9. 15511151 598. 8199. 8186. 3185. 91115115111118115. 8118. 1981. 6519.
5989. 1951. 9111111 6919. 6918.
9. 1115111 6911. 95511151) 797.
915555119196. 9671. 5617. 8618. 8861. Pitinum mergent 1939.
1997. 5118. 5119. 5155. 1899. 8889. 91951111 91115155111 89.
915511555115539. 1919. 1918. 6919. 9111151118895. 5919.
9151111155 3188. 9551515111 5191.
9111111515111 1515515887. 91111111 1188.
9111595179. 5799. 5588. 91111151 9179.
91115951 1111111 8799. 911919515151911.188. 1989·
151. 1511191111955155 1511. Poetovio 9989. 3599. 8791.
Ponione, 151. 15111 - 519. 151. 111511 9511511551511111 91515511
91919511. 111115 5919. 155111511 5989.
911515919. 9511 7131.
911151 619. 596. tint. 5167. 8997. 111 5551. 95115111 5559.
9111511 6658. ool. Poleorium (l) 5891.
91115151 619. 951151115559. 5915.
91111155 1165. 95111591 155. 5198.
91111151 5111. 5115. 95551115515111 1991.
9151115555 promontorium 5159. 9555199539. 9558. 8975. 1157.
19111 55515 5137. eoi. 9151111951511119. 9116.
915111116669. 111 p. Pompeianorum 8969.
911 15111, 551. 5999. 1111951155 9. 5168.
91115111 1575. 9555115515111 olvitur 1987. t
Peltuinum 8911. Pompeiopolis 1989. l
P. 9119511 1981. 95559551 15115311.
9195151111191.1511. 955151 iltl. 1511. 5. 155. 77. titi.
51119195151955 8961. 8969. 8158. 8159. 5191. 5589. 5979.
9195151111 911911 1656. 6189. 9161. 1913. 6919.
91551551 8665. 9. 15 8115 8719.
9115111696. 9. 811195511919. 0
1555111 9. 98. 1988. 9. 5111911115151 6919.
151. 91511 9. turno· 91. 9. 951155511551 6919.
91151151 95. 9551. 9511511111 9. 31911 of. 9155511111.
91111551 8175. 951151 (uenturos) 5919.
Petelini 15715. 8676. 8989. 95115511 111 8191.
Petrei 518. 95955555115155919. 6998.
91115151151 tuit. Potentln 5165.
951111151 11111519. 15911. 5.-155. 951159515819.
1115. 9111511951 5111111195.
951111115511687. 151. 91. 1881. 8915.
9511111918. 1115. 91. 9697.
95111551 5685. 8711. 1111951155 91. 1559.
151. 15111 9591551515 519. 9111511951 1869.
Philippopolin 6689. 9119111511951 5119.
95515111 995. 9111151155 5919.
9515511 1111. Pr. 5. 151. 787. 8661. 9115115155518191.
1919. 6987. 1919. 911111511115186.’5517.
9515511 6799. 91511151 5551 1191.

 

