ΠΙ. nn. DEAE. MYTHOLOGICA vlml. 85

ll. 1115111111 3758. 111111111111 1875.

5. 11111111 811111111111 1715 == 7187. 1111111 1551. 8335. 8551. 8858. 8551. -

5. 11111111 11111111111111 Apollinem 111111111111111111111111111 1878.
8555. ll. 8111111 1877. 8555.

5. 11111111 pulmentariorum 8113 (l). 11111 8885. .

5. 11111111 11111111111111 175. 11111111111115585.

5. 11111111111111111111 8515. 11. 1111111 5558.

5. 11111111 115. Del 8111111 15111 11. 111111111 111. 11, 1. 381. 181581511.
1715. 1588. 15851535. 1531. 1555. 1557.

5. 11111111 1151111111 5111111111 155511. 1555. 155815581518.
1853 11. 1755. 1858. 15558178. 8858. 3878.

5. 11111111 8111111111 111. 1535. 555811. 3588. 5857. 5588. 5588.

5.111111111111111111118188. 3885. 8555. 8578. 8558. 8571.

5. 511111118551. 55551. 5785. 5738. 5558. 5575.

5. 115111 5885. 5577. 5151. 5755. 5555. 7885. 7313.

5111111111 1111111111 1711. ,51111 11- 751. 1555.

5. 1111111111 815111111115885. 1111111 11.(1) 1535.

5. 1111511511 5785. 11111 11. 8111111115111 8515.

Ι 51111111111111 1151511111111111 llll 11111151111111 11111111 1558.

5. 1111875. 585. 1555. 1555. 1751. 1553.
17881775. 1858. 1855. 8555. 8185. 11. 11 1111118) 1585.
5581. 5585. 5575. 5785. 5855. 5858. Numen 11. 1151111511 1558.
5555. 5758. 5778. “ 11. 81111111 1538.
111111 11111111 111111 1111 875. 11. 11111111 1111111538.
5. 11111557. 11. llus. 5885. 7555.
11. 1111 51111 18511. 11. 511511115785.
5. 11111111 11115355. 11. 5111. 5755.
5. 111111111811111111 51111 1111 11. 111111555. 1535.’
1555 - 3855. 11. cananeum 111111 5787.
5. 511111 1111111 1558. 1111111111111111111 1555.
5. 111111 1185. 11111 11. 7151111111 11111111 11511111
5. 51111 5883. 11111111111511111 Aug. 1555.
5. 511111 5715. 11. 111111 111111 153511.
5. 511111115111 11111151 185711. 11. 111111111111585. 8815.
5. 1111115588. 11. 1111111111 11111115. 1. 1111111111
5. 1111 1111111 8587. 1111111 81111111 1551 = 1535.
5. contemtor 5111111111 51151111- 1111111111111111. 5111. 11. lug.
1111 85. 11. venun. 111. 111.
5. 51111111111111118115111115781. 11. 51111111 551. 581. 1555. 1537
5. 1111111111 11111111 1718. (ΗΡΑΚΔΗΣ mmm).
5. 1111111 1111 1111 151. 11. 51111111111111111111118585.
5. 11111115 11 1111111111 5738. 11. 1811511111 1535.
5. 1111111111757. ll. 1111111111 5788.
5. 11111111 511111758. 11. 511111158511.
5. 1151111111 11511111115788. 11. 11111111 1555. 1588. 5887. 5813.
5. 1511111 1713. 5855. 8557. 5855. 5558. 55551715.
5. 11111 5885. 78581111. 81111. 1. lug.
5. 111111111 1587. 5775. 511111111111111.11111111 11111111 11-
5. 1111111111111 111511 5585. 1151111111 1581.
5. 1111111111 5785. 11 11111111 1111111111 1588.
5. 1511111111 5385. 11. 11111111 1555 ·.·. 155511.
511111 Aug. 1588. 11. 11115111118518.
511151111,5111111115555;1111111111. 11. 1111 1111111 1588.
5111118111111 5815. 11. 51111111118558.
5111111, 1. Apollo. 11. 1111111111 8555. 5785.
111111 8555. 11. 51111111 5735.
1111111151, 1. 51111. 11. 11111111535.
1111111511, 1. 1111111111. 11. 11111511153511.
1111111111, v. 11111111. 1111111111111585. 8853.
11111111, 511- 8555. 11. 11111111 1585.
1111111111, 511 -· 5892, ll. 1111111111 8855.

 

