IX. RES numerianus. 157

3111017031. 0
31011111 7033.

01. 1. d. Lauinii 3370.
1001011 3303.

011011001 0111111 31011000101011-
0111001 0700.

01. 1111111111011 3305. 7037.
Grumenti 7033.
31111111 3305. 3735. 7033. 7030.
01. 111111101101111 7031.
01301111011011 dicundo 1110101011
bonor 011111111111 ibri. 3031.
1311111111111111001, 111111 111111. 111.
111. u. in sacerdotiis municipalibus.)

Inisrrsa: Aquini 3370.

1131111 summus in nonnuliis municipiis
mapisiraius:
1101111 111011101017033. 7031.
Formiis (1) 7035.
fundis 7030.
papi in 3001111000οο 7033.

1101111 Fundis 7037. 7135.
1111101111 3331. 1030. 0511. 7030.

( 011 10011011 10 01001110111 1011 111101-
11101011011111101010100111111110-
011111, qua nonnulii 010011 11101;
100110001000111. 0111111 0111111

· υ. possea.)

01011111 11 magistratus 11011111
(11. 707511

Censor 10111101 3310. 3335.

1111111 3333.
Coros 5730.
31110001 533.
01101111 7031.
11100111 330110.
Tiburs 3303.

110111 011 sd 0101101101 11110111

011111 3331.
110111 0111111001 01111 7031. 7035.

1101010111 censoriis 010111101 Vibone

11551551 1111011111) 3330. ’
(1101110111100101101111101100001330.

1101111 110111111 0111111111 quinquan-
naiis 0111113333. 0110.

11111 poissins 11011111 bunos 733.

11011 0010001001111, 110111. ci· quin·
0010011111 (iniurium ilrinqq. 1. b.)
1111101 3303. 1000. 50305305.
0000. 7033.
111101 130.
10011111 115.
Aquini 5533.

,11101101 3333. 3335. 3330. 5133.
nug. Tauria· 713.
Bouiani 5130.
ansius 00. 1073. 3375. 3333.
00101111 130. 0011.
cainiana 5001. 5033.
Canusii 3731.
Gariennos 5331.
3011010101 noun 03010.
3111013335.
0111110101 3000.
Gurubi 530.
1. ino. in 0111011111 5331.
Dasianus 73.
Epidamni 1037.
Faleriis 3333.
Formiis 3331.
Foro Ssmpronii 1030.
0111011011 0535.
01101111 3335.
[1011010037.
Liburnos 5130.
3111111101 1033.
3711111101 0771.
1110οο11 1313.
assam 1033011.
1111113313.
0111110700.
3110110137.
Pisauri 1000.
7111113373. 0033.
Pompsiis 3335. 3375. 0153.
7111101111 0033. 7103. 7101.
rana. 0101111001 503. 5373.
1101000101 5333.
311110515. 7031.
3011113337. 1753.

’ 3001111001 3133. 3333.
30111011 0311.
3111115000. .
01111103. 5331.
Venusino 3150. 3373.
Vei-uiis 7101.
[1111110113.
1. 101. 1353*

liris 1111010 quinquennalis (liris. 11.
11110111 5107.
1011110111 Pina. 0150.
Aquini 0170.
Casini? 3357. 3737.
Eburi 7115.
Faiarions 7077.
Firmi 3133.
0111010011 3301.
01101111 317οε 3300.
Miseni 3773.

¹ Nsapoii 3330.
1111111033.
Pompeiis 3335.

 

