111. nn. 1111. 1111111111111111. 11

1.. 11111111 1111. ’1 neus 11. 1111.

11111111 1... 1. 11111111. 11. 111111115887.

1.. 11111 1887. 1488.’ 1484. 1488. 1111111111111111111111111.
15811888. 8888. 8858. 8888. 8854. 11111 11. 1111111111 1111111111) 5888.
888811. 8888. 5888. 5714. 5715. 1111111111871. 848. 1848. 1818.

1.. 11111111. 8158. 11111.11111111111111111111111814.

1.. 11111 11111111 11111 1111111111 11· 11. 1111111111 588· “
1111 5718.1 8111 11. 811111118111, 8111111118111

1.. 111118111111111888. 1888. 5878.

11111 11111111 numen 11111 mugnus 811111. 811111111857.
181111111111 18111111 11 111111· 11. 1111111111 1858.
111111111111111111111 1488. Μ. 1111111111 1858. 8488.

811111 1888. 5884. 5858. 11. 81111111 1877.
11111111181711. 11. 8111111 1888.
1.. 111. 1818. 11. 8111111111 (11111111 8111111111)
1.. 1111111 111111 11111111 888. 1858.
11111111 L.. 1. 11111111. 811111. 811181115888.
11111111 1878. 884811). 111111115888. 11. conservator 8187.
11111 Α111111811814ς 1. 11111. 1111111. 81111111 1884.
Lixo 5887. 1111111 111111 11111111111 184511.
Louna 8488. 11111 111111 5488.
111111,1.1111. - 11. 1111111415135118.
1111111, 1. 1111111. 1111111111 1858.
111111118111111. 111111. 884. 818. 11. 8111111111. 7184. “
1878. 1888. 1887. 1888. 5888. 11. gradivus 5878.
5858. 8884. 11. 81111111118888.
1111 1.. 4888. 11.11111111111.11111.11.11111 5871.
L· 11111111 1885. 1888. 81111111111111. 881.·
L. 1111111 1888. 11. 111. 1111111 8818.
1111 1111111 5807. 11. 1111111111 58851 1. 1111111111.
Lux 811111 (1) 8888. 8888. 11. 1111111111858. 5888.
11111111 8884. Μ. 1111111111 5888. 5888.
1111117418. 11. 11111111111858. 5878.
Lympha 1887. 1888. 5788. 5788, 1. Μ. 1111 81118111111848.
Nymphae. 11. 1111111 1858.

1.. 11111111 11811111 1888. 11. 1111111111111111 1847.
11111111111, 1811111111 1. 111111111. 11. 1111111111881.
1111811111, 1. 111111111. 1111111111185811.
1111111. 11111. 11. 81111. 8887. 7187. 11. 8111111 1858.

1111 1111115888. 11. vunan· 1858. 8888.

111111111 (1111111 1818. 11. 1111111858. 5878.
11111111111111 5718. 11. 11111 8888.
1111111, 1111. 11111111 1. 1111111. 111111111111 184811.
1111111111. deae - 8888. 1111111111 111.) 8858 111.
1111111111 111. 11, 1. 888. 1111111111 81111111 187811.
111111, 111111 - 47811 11. 1111181411 1111111111 1111111111111111184811.
11111. 111111 11111111) 5874.
111111 11188811. 8111111111111, 1. 811111.
11111111. deus -, 5888. 11111115881.
1111111185811. · 111111 doum 744. 88511. 888. 1888.
11111111 8871. 1885. 1888. 8818. 8887 58888.
111111115854. 8888. 8851. 8858. 8871. 8888.
1111111. Pr. 111. 11. 1111111. 11. 11111. 8488. 8585. 55881. 5888. 8888.
11. 111. 8. 111. 188. 857. 4581. 8884. 8188. 8888.
58155888. 884ε8705. 1878. 11111111111811111111111118858.
18551855. 158511.178811.1788. 8111111811 1111111 deum 888.
1888. 1881. 8188. 88781 8871. 8785. 11. deu (1111. deum) 811111 8888.
8714. 8858. 8118. 8787. 4878. Deum 11. 1111111881.
5887.·5884. 5818. 111111111111111. 11. deum 111111111111 5888.
811. 111. 11, 1. 881. 18111111 1111111111111 numen 8887.

8111118111111111. Latin. Vol. 111. c

 

