V. 111011110111111111111111101111111111111. ’70

1111111 011 11111111. 011101111111
10111111, 01110111111 01111111 11
11111 1111111 11111111, 11. 1111111.
1115100.

imii- Cant ii. 111. 111. 111. 03101

11. 050.

ii. n. ii. 111. 111. 0111. 111. 018.

11111. ii· 111. 111. 111. 5510.

11111. 0111. 11. 111. 111. 5500. 1511.
5000. 5053.

11.111.111.111. 11111. 0077. 0010.

inno. Coeo. 11111111. 0111111.
5107. 0030.

inno. 0111. Μ. -· 0111111. 11. 111.

1111. 0111. 11. -111. 0111010.

11111. 11. - 0111 111. 1030. 1070.

ii. n. 11. - 0111111. iii!

11111. 0111. 11. - 0111 111. 111111-
'gum 11111111, 1111111111 11111111

11111. 90111. 11. - 0111 11111111111.

1111. 0111. 11. - 111111111 111.
11111111 111111110551.

1111. 011111, -011101111111, 031.
0377. 5051. 5108. 5855.

11116411. -111, 011101111 05001011.

11. ·- 0111 01111 111. 0011.

111. 11. - 0111111111 111. iiiito.

11111111 11111.111111111111 0111 01111
1111. 0110.

ii. n. 11111111 1111.1111111111 1111-
111111111. 1013.

1111. 1111111111. 111111. 011-
1111111 1111111108.
011101111111 01111111. 11111111. Brit.
1111111. 11111111 inanimo· 50. 013.

11111. 111111111111. Britannicus 1. 1.
0750.

11. 111. 111. 011101111111. 01111.
11111. 11111111 11111111115077. Ι

11111. 0111. 11. - 0111 01111 Augu
0111111111 11111. 0111. 1111011111.
1111. 1111. 11111. 0110.

111. 01111 011Ι iii. 011. 1111. 111.
011101111111. (icini. 111. inni.
011101111111. [11111.1111.]11111111
1111111111 5077.

cognomen Marcomannici 11 111111

1111. 0111111111111111111. 0310.

11111. 111111111111000. 1010.

11. 111111. 1. 111. 0000.

1111. 111. 111. 000. 1010. 0300. tint.
0000. 5105.

1111. 0111.111111111 5000.

lino· 111111111010. 0157.

111111111111. 1115.

111. 1111111110770.

into. Ant. Pion 111. 011.

li. n. Antoninon 0111 111. 5107.

1111. 111. 011101111111. 1017. 5101.

1111, 111. 0111 01111 0010.

111111111111. 0111 01111 11111111

...111. 0111011. 111. 1111111... iiiii.

Ant. 011101111111. 1051.

11111. Antonino· 070Ι

1111111101111101111111111111111111111
1111111013.

01111 1111111 Antoninon 0101 11.
litigantium 1111111111111.

1111. 0111. 11. 111. 111. 1111101111
111. 11111111 1111111111, numen
11111111 030.

'Numen 111. 11111111 1501.

111111111 011111 1111111111 (1.11151)
09791111111111111111 011111 11111.
1.. septimii 011111 011 0111111111
111. Anno. 111111. 11.-11111. 1111.

trib. 111. 1111. inp. viii. 111. 11.
111111. titini (1.1001 5501.

11. 11111111 Antoninon 011111 (1. 100)
1150010071 11. 3113.

11. 11111111 Antoninon 0111111111.
(1111111111 imo. L. Septimii 011111
0111111111 111. 01111 (1. 107) 150.

it. 111. Ant. 0111. 1111. 1111111111
(1, 1071003. 0105. 0058.

inin. 1111111. 111. 111. 011101111
111. 1. 11. 11. 111.111.1.1.111-
111017. 0053.

1111. 0111. 11. 111. 111. 111. Pontii.
1111. 11111111 1111111. 1111. 111. 1111.
1111) Coeo. 1011111111 011111 011
0111111111 111. Arno. 11111. 01111.
mon. 1. 011111111111 Genn- Sinni.
1111. 0111 11111111 pron. nott. 051.

lino. 0111. 111 111. 111. trib. 111.
111111. into. 0111. 1..011111111101·
1111 011 0111111111111. 1111. Anno.
011111. 1111. pont. 1111. 1110111111
1111111111111 1. 1. 01111, unitioni
Antonini 0111111111 0111111111 11·
not, 0111 Antonini 011 1111111..
0111 Hadriani 1111111. 01110111111
Parthini 11 11111 iterun 1011111

1111. 0111. 11. 111. 111. 111. 1111.
111. 11. 111111. 11111. 0111101111·
312116 011111 1111. -11111111 (1. 100)

1111. 0111-11111. Ant. 0111111.
11111. pontiti. 111111 (1.001) 017.

 

