 

’ ’0. 0000011001.

1100111 3737.
10101101 00·

110 10101100 3303.
11001101 0130.
1011101ου10 3031. 3070.

101110101οΙ 103. 3700.
1100103010 37301.

10100101 7100.

10001 3303

1000011101 3030. 3030-
1030011110000. .
1030111001οω 007. 0000.
10300100110101 1000.
1030111010 0073.
1030100111 100.

10311110 0030.

100010100, 110101- 0007.
1001111 110.

311 10010 3303. 3310. 3313.
Autessiodurum 0013.
10100100110 0073.
11110010 3371.

10110010 1111001010 103.
101100011 001110 0000.

10110000011 301111 0030.
101100111 030700.

1011001111001 3703.
1011111100 0010.

1011010 3700.

101101010073. 0303. 3130. 3301.
10100010010 0030.
10100010 0303 10. 0170.

101110131001101 1303.
1000100 3311.

10110000 0111110 300.3

10001001 01001, 001 1001101 30010 3101.

101110 11111110 (110) 3007.

1001000111 11001 0000.

1003001301 307.

710 10011 030. 0337. 0017. 3001. 3331.
0007. 3030. 3300.

110 1100. 13110.
10100010. 0010010 cl. - 010.
1011 1111110010.

001. 10110 1011103000.

1001 0. 0303.’
1001101037. 1173. 0377 50700. 3170.

3030 3310. 3730. 3330. 0370.
00701. 3030. 3500, 3030.

101111 1103.
1011100111 0010011 -1000, 1000. 1303.

0117. 0300. 0300. 0731. 3013. 3003.
3313. 300310. 0000. 0030. 3000.

10011010, 100010101οω - 3033. 3333.
3000. 7100.

1000. 3001110. 1001. 3003. 7010.

011. 0011 1001000101 001.

1000. 011. 100113003.

101100 303. 000. 007.
10000111 0111100 003.

1001 1100010030.

1. 11111111 1301. 1300.

0. 10001 1303 1300. 3011. 3337.

0. 30111100 0000.

1. 0110311 1000111100 0100101031-
10010) 1003.

1. 11110 003.

0. 01110111010 3330.

1. 7001101 0700.

0. 31000101 3330.

*Quum

. 1 0 .

1. 70000010. 1. 70000110 0010.

10000011 1010. 000.

10000101 1100111000. 007.

10000010. 0111111 1010111 - 000. 037.

1011131110οιοο 103.

10011110 71. 3333. 3330. 7033.
1001101001111. 0. 7337.
1001101101οο 3313. 3730. 0030.

100110010 003. 3000. 0133. 0330. 3030.

30070.

10110 0001110101. 3701.
3001. Aquincum 033.

1011100111 0100.
1001001110013.“ 0003.1 3331. 00300.

1001110110 130. 3100. 3331. 3301. 3300.

49¹2. 0030. 0030. 3300. 3007. 3303.
0). 01110.
10011001 1307. 0013. 0000.
110 1011110011101.
1311000010.
111010 3000, 0030. 3003. 3011.
1110010030.
11100 0030.
1110110001οι 130 10.
1103000010.
11110101330.
11010013. 0033. 0033. 7007. 7030.
1111113000.
1111101,1111010103. 0003. 0030.
11111110 3103.
0010010 011010 10111 00000300οηοι
11010010 0031.
1100110013 0313. 3330.
1100 0070.
113001101 3001.
113011000011 0100.

11011111 3050.
1101010 3330, 0010. 001. 10110 uuum

11011100011 000. 000.

11010101111 000. 0333.
1110111 11) 110010303.
110010000. 0000.

11011111 3000.
1110101 3703.
11100101 3000.
1111110101 3330.

11010000 0001301010101 3330.
1110110010 30. 333. 3003. 3103. 3130.

0010.

 

