155

1. 11111111 4015.
n. 1111111111 4145.
1. esiesnsentssiss 1111111111115411-
1111114141.
ss. essenissii ’1151.
1111111111 115. 4115. 5551.
1. 111111 5111111 5554.
1. ioci 11111111 4114.
1. 5111111111 111111111111145.
n· 1111115111 1151.
1. 111111111 111. sug. 415.
1. 11111111111111111 4550.
1. castrensium 4154.
1. 1111111111 51111111111111011.
1. 1111111111 1111111114455.
1. estis 11111111 1155. 1151.
n. 11111111111 11 1111111111 11511.
n. 111111111111155.
1. 1115111111 4141.
1. 1111111111 11 eunomianus 4154.
1. ssiis 111111111114501.
1. 111111. 1150.
” tt· 1111111111 1150.
n· 1111111 et 1111111 51 1111511 111.
1. sciis 11111111114150.
1. segonius 4151.
1. seiississius 1151.
1. 1111111111 1555. 4151.
1. suerius 151111.
n. sestissius 4111. Α
1. sinesin· 1 sepiens Censorinus 4155.
111111111111 sinerii 1115115 4010..
Luguduni 11 11111511 consistentes
cs· 11111111.
1111111111111111111111 11111111111111
15 11111 51151111 5555.

5111111111 sineru 1515.“

5111111111 (nomoneistos) 154. 1515.
umas} 5511.
1. 51111111 5555.

111μέιὲ16411 51111111 Antoniorum 511111

1111111111 15111111. 41555515.
1. 11111111 111111 1111111111114155.
1. 51 51111111 1111115551.

1. 51 111111111111114155.
1. 1511111111115111 5014.

11111111. Ρ. Ρ. 5541.

011111 11111111 stetuts 4114.

111111ιέ 1511111111 11111111 115111
0111111111 1154.

015111111111. Ι. 1151.

0151111 1151.

0151111111 5545.

0151111111 4151.

01111111 1505.

xi. 1111111 1111111111.

0115111 51111 1111111111 1141.
111151111 4105.
setis 11111111 4111.
011111151 = contemnent, sss c.
011111111111111111. i. 1155.
1111111111. 1051.
011111 1154.
11111111 11111. 4555.
111111 sonorum 1111111151.
15 osnsssentts 115. 5401.
15 111. 1111111111 Ti. 5111511511.
1111111111. 1111115 oss. 5551.
011111111511111 11. 51111111 cot
oensisis 1510. 1515. 4115.
o. 111111. 4443.
1. 1111111. 1155.
o. snetesns Ti. 51111111114111.
1. 1 iutuiis 5155.

01111111 = 51111111114100.
01111111 1 gotio 11111111111150.

01111111 5544.
1. 115. 1111. 11111. 5555.

1115111111115. 1151. 45515155.
1. καὶ καθηγητής 1550 ·.·. 4454.
1. 111111115151.
1. 111111.,5111. 1. see. 1151.
1. 11111111 impensioris 5451.
1. {suesorum 5111111111111111. 1.

111.,.111. 115. 115511.

1. (puerorum s 1111111111111 1154.

1155.
1. 1 1111111111111555.

1. 51111111111115554.

1. Μ. Peitii Ssesesi 11 1511111111
Peocnies ei 5111111 1511.

1151115111111 puerorum Cses. n.

Ti. Csesseis Gesnssnicisnus 51 111·
5111111 titii.

111. sceneos 11151111111541.

511. 111511. 5111111135.

1111111111, 11111111111115111111555.
1. 1151 11111 5115.

Pssnuisrius 4501.

Doctus 11111111 11111551.

Petinus 11111 1111511111 1511. 14111.

11111111111550. 1550. 155111.
1. 1111111111 primos 551. 151511.
1. 511111111111115151111111 cisiis·
tinus iieiiee osnssnentis 5111111·
1111511511.
11151111 5155.
Psesstius 41110111 554. 1505. 1551.
151511. 5155.
51111111. 11. 1515.
Pesnsuissius 4501.
Reisonus 1111115115.
1111111111111 5445.

 

