V. IMPERATORES ET IMPERATORVM FiiiiLiAr 59

11111116111111 (1. 715, 111718; 11. M. ,4111111 636.
1111111111. 1. N. 1111115111) 1111. 111. 1111. 1111111111. 111111. 5367.

11111111. 6111.

6. 1111111611111111 111111111111111

Lepidi exercitur 11161111 116111111 6¹25·

(1. 718) 5356.
1111116111 11111 (1763111111. 1111111.
6111. m. 8111.
1111 1111111111 1111611111 11111111
661111111111. 111111. ur· Aug.
111111111111111111111(1176711351.
111111111111111 1111111111 11111111 11-
111111 11. 735) 11. 111111. m. 011.
11111111 inurimur 111111111 (1746)
11111. 11111. Pr· 11. 11111. 6446.

ῩῙῙ111 1111. 1111111 1111. Pr. 11. 1111.
11111 1111111 1111111111111 (1. 756)

1111. Pr. 111. Febr.

11111111 (1. 14 1. Chr.) K. Aniiri.
1111111. 6445.

11111111 11111111 111 111111 11111111
liri. Amii. m. 6111.

11111 iugurro 11111 rignum 11111111·
11111 11111161 1 11111 Auguria 11 Ti.

6. Caesar 5685. 6866.
, 6. 611111 Augurii 1. 636.

6. 6111111111111 111111 1111111 111111.
1111111111 11111111 11111111 11111111
1111111111 11611 11111111) 1111111111

6111111111 11111 648.

6. 611111 Aug. 1. 1111111. augur 636.
11111111111111111111111111. 111. (111.
(1. 756) 666.

11111111 111. der. 11111111 1111111·
111 (1. 753) 634.

111. ir. 754) 635. 646.

6. 611111 Augusti i. 6111111111111-
11111 111. 1111111111641.

61111111 644.

1111111 1111111111 1111111111 1111111111
triumphali 11111111 1161111111646,

decretum 16111111 11 honorem 1111

1111111 613.

Auguria dedicatum 61111111. l· 061161 6304·

6111611111 61111111 616. 5666.

ii. 6111111 11111111 claudianus 11111111
11111 Liviae Augurii 5665.

1111111 Μ. f· 1111111· 1111111111, 11111111
611111 5365.

111111 61111111 1111111111.

111116633. 5363. “

Liria Aug· 41.

11111 111111 6111 Augurii 613.

L. 1111111. uror 61111111 Aug. 641.

1.. 6111111611 614.

11111 Augurii 6534.

11111 Auguria 1611111. 111. 685.
616. 1368, 6636. 6637. 7165.

111111111111. Auguria 11111 Augurii
666. 5664.

11111 11111 Augusti 11111111 111111 Ti.

11611111 Augurii 1. 11111 i. 11111
11111111 1111111111111. 611111. (1.

755) 616.
augur 111. der. princeps 1111111111

(1. 755) 667. 638. 641. 646.

111. 1111. (1. 755) 646.

Augurii 61111111 1111111111111111·

11611111111111 tribuniciae 1111111·

111 XXV 61111 11111 1111111 111111-

11111 11111111111111111111 (1. 755)

affirm 111.

11111111 1111 liri. Aniiri. 11. Aug.
’ 116111ξ111111111 11111111 11 11111111

(mium 1 1111111 inhonorem 1111

1111111 646.
C. (111111 611111 Diri Aug. i. 6776.

cmm ΠΜ Α111611Ι f· 6680811 1111111611111(Ρ1111111111)5678.

615. 61611.
11111111111111.1111111611111111111.
principis 11 111111111111161711.
61111 11111 Auguria 11111 Augurii 111-

111 Ti. 61111111 Augurii 618.
iugum 666. 1764.
11111 Auguria 6667. 6446. 6666. 5665.
11111111 111111 Augurino 686. 6534.
011111161111111111111111 11111. 6656.
61111111111111111111611110111111161611.

Marcella 6655 5671. 5672. 6364.

ii. 11111111 645. 5373.

11. 111111 (11111111 1111111,111111111111)
ri.6 1411712101 111. 1111.

vrum 1111111.

Nero 61116111 1111111 615.

Nero Claudius Ti. i. Drusus 61111.
augur. 111. 1111. 5675.

11111 61111111 1111111 6111111111
6111117416.

11111111 1111 iiiii.

Drusus 11111 Ti. Cirudii 111. iiiii.

1111111611111 aiiii! 356711. 3874.
5356. 5667.

61111161111111111613.6161161711.
111115356-

11111111111111. Ani. 6445.

SC. 111 1111111611 1111 moriem 11
1115111611 5681.

numina 1111111111 111111 carminibus

1111111111 5381.

 

