66 V. IMPERATORES ET IMPERATORVM FAMILIA.

1111111. 101. 10101. 101. 708.
11111 11. 101. 880. 831.

0011011 011111 1111101 01 111111101
ffiffim ι
1111011. 101. 5108.

(Fusus 110111111οἰ10 0181010000. post
Hadrianum.)

1110111 1100110001 01101· 1001101 801.

Imp. 011101 11010011 1100110001 101.

8380. 3188. 5010. 8008.
1100517.
10111111 0110110111001101 10110110

1011. 001111 1100111001 101. 0150.
0018. 0181 = 1011. 8150.

Imp. 11111001810111001101. 3310.

Imp. Hadrianus 101. 8571. 8817.

p. 1. 701. 817.

01111111111001 imp. Hadrianus 101.

1110111001101. 815.

11101011 111111111111101 11. 101. 103.
181. 1858.

11. 1010110101 000. 3808.

111101 11. 511. 801. 1101. 1780. 0188.
81011. 3805. 1000. 5180. 0001. 0180.
8108. 8501. 0000. ’1110. 7171.
71001. 1111 0101011110111111010·
11101100 10 0111111110.

111101 11. 010111101. 818.

10100100. 11111 1101101 1111101111.
11111 011110 0. 11111001 1100111001
101. 0110.

(1101101110 11100011111111011110 111·
011101· 0. ad 5150.)

lmp- 0010. 11111 001111001011111101
1111111 11110111 01. 11111001 111-
0110001 101. 1001. mn. 1111100.
pot. 101. 11. 11. ρ. (1. 118) 5330

1101. 0111. 11111 011111 1101101 1.
011100 10111 11. 11111000 101.
11011101 101110010100001101 01111·
0101 Gemmeus—maxuma! 11001.

mu. 11111. 111. 11. 111. 11. p. p.
(1. 118) 80810.

1101. 0011, 11111 1111101 11110111 1. 11.
011111 0111111101 1110111001101.
p. 01. 11111.111.11.111.11 (0. 118)

Imp. 0101. 0111 1111101 1111101111.
1011001111011101110011011101.

Imp· 011111 11111 1111111 11110111 1.
11111 001110 01111 11. 101. 100111.
1011. 1110. 111-..101. 111. 111.
10111101 1100010000 (1111 a. 110)

mmm 011101 0011101111111101
11110111 111. 11111101 11.-101. 1111. =

1001. 1110. 111. 11. 101. 111 11. 110)
808 11.

lmp- 0111. 11111 1111101 11110111 1.
0111001110 0. 11111101 11. 101.

pont. 1011. 11101110. 101. 111.
11110111110110. 110) 801. μ
pom. 1011. 1110. 111111. 111. 111
οΜΜο

1³5 ὦ 1110. 101. 11. 101111 (1.100)

p. 10. 1111). 101. V. 1111111010.
(1. 101) 811.

p. 01. 11111. 11112101. 111. 11110101

. 1011110011οο 11011ορ1 (111-81) 0710.

mm. 1110. pot. vn. 101. 111 (1.100)
8501. 0800.

110. 1110. 111.”11“11.110.1“1Ἰ. 1111111.
10. 111) 5155.

115113ἐ 1110. 111. ff. 111. HT (1.1051

p. 11. 1110. 111. sl. 11001 (1.117)
1852. 5451. ’

1101. 0101. 11111111110-1101. 101. VJ χ
1. 11111 0011110111. 111. 1110. 111. 11. ’
01111 11011001 11. 101. Qu. 11111.
1110. pot. xn. ρ.1.101.111(1.108)
170080880.

Imp. 0101. 11111 1111101 1111101111.
0111001111 0. 11111001 11. 101-

1101. max. 1110. 101. ΧΤΙΙ. (1) 111.
ΜΜΜΜΜΕ

p. 10. 1110. pot. 11111. 111. 111. 101.
(u. 100) 811.

1.*1-0. 1110. 101. fff'u. 1011011111.
111. n· 1)· (1. 101Η157. -
11.-10. 1110. 111. xlx. 1101. 11. 111.

11307111. p. 11111101 11101011 (1. 181)

1ωοωηωο00
1· 111111) 1511111111. 11111
mm ὴ
11.-01. 1118. 111. 111. 101. ff 101.
ll (0. 1³7) 8143807.

0111. 1110. 111. 111. 111. 1. 1.(1101 11]. 1110. 111.ῖ111.1011.“1“1.111.

00 0. 118) 511.

1011. 01010111111001 11. 101. 1010.

111. p. p· (1.13810100.
0111111 1101.

1110. 111. 111. 111. p· 11- (inan 10 11101111 1001101 11111 1011. 0001110·

mwmmmfflm

1101 111011001101. p. p. 801.

1110111001 10101101 111. 111. p. 11. 001101101.1101.0111.1111101111011111Ι

810.

101. 010.

 

