16

11. 1111117111Ι
11. 71111111 1110. 1111. 1111. 71111.
11. Τ. 1111111717.
11. 1111111 1111111111 1351.
11. 11111111 1111.
11. 1111111 1181. 181811. 1811.’
1111111111 1711.
11111111. duodecim 1117111.
11. 1111111111. 5151. 11. 1111111111
1111111781.
1111 1111111111117. 1811.· 7118.
1111 11111111. 11111111. 1151.
1111 11111111111. 1111. 1718.
1111 111111 111111.
1111 doneque 1111111111 1711. 1111.
1111. 1111. 5851.
1111 1111 111111 11111111111111.
1111 immortale· 1111111 111111 1115.
1111 1111 1111111111. 1111.
1111 1111111 1111111711.
1111 omne· 1111111 1111.
1111 1111111 1111111111 171111.
1111 1111111 1111111111171.
1111 1111111111111111 1111111111 1511.
11111111111111111111111111111111111.
1111 1111111 11111111111111 1171.
1111 1111111111 1811.
1111 condemnare· 1117. 5151.
11. 1. eorum (11.11111111111) 8711.
1111 111111115771.
1111 1111111111 1111.
1111 11111111 5111.
1111111111111, 111111 - 1885.
1111 111111 1171. 1111.
nn 1111111171.
1111 111111 177811.
1111115111.
1111 magud 111111.
11. 11. 111111111111111151.
1111 111111 1111. 1715. 171711171111111

11. 11. 111. 1. Ν111111111111.
1111 11111111 5111.

1111 1111111111 11111.
1111 111111111111.
1111 1111111111 1118.
1111 1111111111111111.
1111 111111117111.
11. p. 1111111 1871.
1111 paterni 1111.
1111 111111 7111.
1111 1111111118. 7111.
1111 1111111111 7111111. 1151.
1111 1111111111. 1111. 1111 (1).
1111 Romnae 111 11111111 111111.
1111 1111111111 1111.
1111 11111111 1111. 1513.
1111 111111 1111. 1111.
1111 1111111111 1111.
1111 stygii 1111- 1111.
1111 111111 11111111 1771. 1771. 1711.

111. nn. DEAE. MYTHOLOGICA VARIA.

1111 Syri! 11111.

11111111111711.

Dindymon. 111 - 1111.

1111111, 1. 11111111.

1111111111 1711.

1111111111 1115. 1187. 1181. 1111. 1171.
1811. 1117. 8111. 1111. 7181.

11111 1717. 1111.

11. 111111 111 111.

11. 1111111 xv! 1171.

11. numero 11111171.

11111111 divorum 1111.

1111115177.

11. dugunnu 5171.

11111111. 1. 11111 111.
[11111111 dicuntur 1111111 1111.
1111111 Mum) 311111.

Domni 111111 1511.

11111111. 111111- 1717.
111111 1111111 1111.

1111111111 11 1111.

11111111 1118.

111113. 1811.

1111111 (1111111111, 1. luppiter.
111111111111 1111.

111111. 1111.

11111111. 1111. 1111- 1711. 1711.
5131. 5131. 1111. 5111.

. E. Aug. 1711.

11111111.

1111111111 5181.

11111111 Augustus 1711.

1111111. 1711. 1781. 1713. 1811·

11. 11. Aug. 1110.

111. protectioni· 1111111111 11 1111111
Augustorum 1.. 11111111 1111. 111.
11111111 1171111.

11111 1111111 1. B. 1781.

1111111117.

11111111 1111.

11111111.

Eurydice 1111.

1111115117.

1111111 1111181. 1718. 1171. 1171.
11111771. 1771. 1111. 111111. 1111,

F. Aug. 1771.

1. 1111111111. 1. 111111111.

1. 1111111111.

1. 11111111111111111 1771.

F. 11111 11111111111571.

F. 11111777.

11111 5711.
1111 11111 1771.
Fatum 1711. 1111.
1. bonum 1771. 1518 111711.
Fatua 1111.

1. 111111 1711.*

Furor, 11111111 111 1111111811.
Febris 1111, 1. 111111. 1. 1111111711·
1111111111 1111. 11111. 11. 111. 1111. 11·

 

