66 111. DII. nm. mmoLoach vAnlA.

1. 5111117615. 1. 5111115656.

1. 515111666. 6666. 11111 1111115606.

1. 0. 51. 51511 5656. 11111111111,1. 611111 6111111.
1, 51511111 1666. 1666. 5666. 111111116616. 5656. 56611 1. 11111·
1. 0. 51. 111. 1666.· 1111.

1. 511111 5667. 1. 1111111111 6666.
511111111111111111111111 1666. 11111111 1111. 61111. 111. 6166.

1. 1151111111 1666. 5666. 5666. 51511115666.

1. 615111 7616. 5151111 6617.

1. 0111111111 (611111111611.)5656. 5111111, 1. 11111.

1. 111111111 1656. 51516016.

1. 111111111 11116111111116166. 5. 6115666.

1. 0. 51. 11111 deum 111111115666 51115111,1.111111111.

:menz 151666. 5111151161111.11.511116611661.
1. 0. 111111111111611111115666.1566.1666.16561655.1656.1651.
1. 0. 51. 11111111 1651. 1766. 1666. 6616. 6671. 6666. 6610.
1. 1111111115661. 6611. 6616. 6565. 6116.
1.611111111666.665.666.1661656. 1.. 11111111117157.

5666. 5666. 5. 1111111176601 11. 6611. 6616.
1. 0.51.61111111661. 666. 666. 661. 1111 5. 6111611111 111111111111 1661.
1. 111111161111111115666. 1111 L. 6111111111 611111111111156.
1. 111111111656· (1). 5. 6111111111 111111111 161611.

1. 11111111111 66. 6057. 1.. 11111111, 61111111 1606.
1. 6. 51. 111111111655. 56111111 766. 1666. 6066. 6161.
1. 11611 1656. 6666. 6666. 6656. 6656. 6666. 6616.
1. 0. 11. 11111111111656. · 6661. 6666. 6166.
1. 111165711- 5. 11111111 57161.
1. 61511111 1656. 5.111111111111111111161111 1666.
L 0. 51. 111111111766. 1660. L. 1111111111 1666.
1. 0. 51. 611111111111111111111661. 5. 1111611111 5776.
1. 0. 51. 61111111111111115665. L. 1111111111 1665. 5661.
1. 1111111 1666. 1661) 116111. Ι..111111111667.
. , 6610, 6. L. 115611115861 1. Pomm.
1. 0. 11. 11111111 11111111111 1661. 5. 1111111111 11. 61. m. 611. 11. 111. 11,
l. 61111166. 1666.· 6155. 1. 610.
1. 0. 51. 6111111666. 5666. L. 1151111 1666. 1716. 5766.
1. 611111111 5666. 5. 1. 111111111666.
l. 6111111 1665. L. tutulos 5.
l. 61111111111111 166611. L· 11111111 1661.
1. 0.51.111111111111111111111111111667. L. 611511115111 1671.
1. 0. 1611111111 111111111111111111 5. 111111 1616. 1166. 1616.
1668. 1676. L· 111111 1676.
“ 1. 0. 11. 1111111111 11111111161111111 L. 6111111111 1676.
6111111111 humanumque 111111 511111 1111111661. 6670. 6671.
1111111111111111111 11511111666. 51111 5056.
1. 0. 51. 51111116656. 51115111 Lug. 6616.
1. 0. 51. Τι1111111666.1665. 511111661666.
1. 0 11 11111111111116111111111 11- 5111111 1111111 111111 1666 (1111111)
11111611. 511111 1111111 166511.
1. 111111111115666. 51511111116666.
61111111 1. 111111115661. 5. (11115666
1 1111111111. 511111. 11. 6111. 6156· 5. 51111, 1. 51111.
5666. 51151 6666.
1. 71151111115651. 511111111, 1. 11111.
1. 1111111 167611. 51511 111. 11, 661. 11. 61111. m. 511161.
1. 11111 5650. 1666. 1616. 1666. 1601. 5675. 5666
1. 61111111 1676. 5656. 5757. 56661.
1. 1111116166. 111115. 6665. 6656. 6656. 6161.

1.111111111111116·15.·51111666.
1. 0. H. 6111111111 (1.61111111111) 5651 L 61111111 11111111 6111 1666.
1. 611 111111615.·61115. 11111111 615611.

 

