60 V. IMPERATORES ΕΤ IMPERATORVM FAMILIA.

61111111 nnus: 6116. 6611. 1166. 5676.

Α. 1111111676. 5377.

Α. Α. 11111171, 61111111 61111111 111.
Germanic! 111111. mu· 610.

Α. Α. 111111 11111171. 6111611 611-
11111111Ι 1. 1. 650.

111111116111 7663.

Τ1.611111111911111 11111 Τ1. 61111111
1111. 63 6.

ΤΙ. 61116111 Τ. 1. Nede) 11111 T».

61111111 66111.
Τ1. 1111111111111

Ti. Claudius 11111 6757.

ΤΙ. 61116111 111. 11111 1111. 111.
11. 1116. 111. 1. 1111. (1.753-757)
6375.

ΤΙ. 6111611171. 1. 111. 1111116111.
11. 1111. 1111166111.

lmp- Τ11. 611111.11111131.’

Τ1.·611111 1111. 11111. 11. 6111. 11111.
Pr. 11111. 11. 11111. 11. Pr. 11111.
615. 613. 61611. 61711. 666.
6366. 6371. 6606.

111. 1. 1616.

1111111 1. 11111 11111663·
August! 111111 11111111111165.
Τ1. 611111 Augustus 1111. Pr. 11111.

65. 616. 1663. 6617. 6675. 6365.
6017. 6637. 3666. 3166. 1613.
6363. 6186. 6665. 0606. 6366.
6170. 6651. 6776. 6666. 7066.

. 7161111111111111110 1. 11111111
37. 615. 366711. 3670. 3706.

’11. Augustus 1111. 111111. 11. 111,
1111. 6116. 1111. Pr. m. 1111. 665.

111111 Tiberius? 6676.

7111. 6111. 1111. 1. 11111111111111-
1111. 111111101. 11111. 111. 61111.

· (1. 710511 1. 6111.) 686 11.

Τ1. 61111111111111. 1111111111 111-
11111 11111111. 111. 1111. 1111. 111.
11111. 111. 11111 (1. 76011 = 716 1.
61111611.

ΤΙ. 6111110111 111. 611111 11111 1.
111111111111111. 1111. 111. 111. 1111.
1111111. 111111. xx (1. 11111
31616 1. Chr.) 5011.

1111. 111111. max. 11111. 111111. 11111.
111. 111 (1. 77613 516160 1. 6111.)

11111. 1111-1-1Ε111. 1111. 1111. 1111.
11111. 111. 11111 (7713 61) 666.

111111. mn. 111Ῐ1ΠΪ. 11111. 1111. 1111.
111. 111111 (1111. anno) 661.

111111. 111-11.- 11111.111.11111111.111.1111.

111111. um. 1111. pomum (1. 76311
= 3011) 5116. *—

1111. 1111. 1111. 111. 1111111111. 111.
1.ιωρ.1ῇ(1.11-111-Ξ111111111.

pont. 11111116. 111. 11111111. 111. 1.
1111. 1111 (1. 766160 = 36111 3316.

1111. mus 111. 1. 1111111110.
111. 11111111. augur. 11111111

(11111111 111111(1. 766160336111 ’

1111. max. 1116. 11111111161111.
1111. 111. 1 (1. 76616οε3617) 661.

Τ1. 611111 111111111111111 (111 1.
761331 11111 16 1. 760537) 161.

7161111111111111 11111111 11111111·
111111 11111111 65.

ΤΙ. 611111 11111111 11 11111111111 ’

61611. 61711.

Τ1. 6111111111111111111 1. 61111111
11111111 111111111 11111111 11111111

11111111 1111. 11111111. 11. 1111. 6116.
666. 5356. - togam 11111111 11111111
11. Pr. m. 1111. -· 11 11111111 11111
11. Ant. 11611. 6116.

11111111 maximus 111111 111 11111. Pr.
11 111. 111. 11111. 666. - 1111111
11111111, 11111111111171. 61111111
liberorumque 1111 1111111111 1111·
111111 11111111161111 1. 1. 1111111
11. Libone 11111. 11 111111 11111111
1111111111. m. 6111.

1111111111 Τ thani:
. 1. 11. 11111111 1. 111111 61111111 111-

111 056.

1111111 iunior:

011111 611111 71111111 61. Augusti
111116665.

11. 611111 Tl- 1. 6170.

11. 111111 Τ1. 1. 611111111111. 11111
1111. 611111 11111111 611.

11. 111111 6111111666.

0. 6111111111. 11111. 0111 ,111. 111. ,

11111 11111 111111. 111111111111.
6611611111. August! 1. 0111611.

1. 11111 11111 1111. 611111111111-
11111 6376.

11. 611111 August! 1. 0111 111110
11111 0111 1111111111111 11111.
11111111 11111111 011111 1111111111
111. 11. 1116. 111. 11. 611.
1111111111111 11111111 1111111111 111.
11. 11. 111. 11. 111111 111. 111. 666.

-. 11111 1111111· 6111111111 653. 1761. 6616.

6166 (1).

11111)· Vffl· 1116111· 1411161· f· 111111 Τ1. 611111 Drusi 61111111 1. 651.

111111. (770160 Ξ 6611 Q.) 066.
1111111. mn. 111. 1111.1111.1111.1116.

..1.1111(..111;11..1.)111. mua 1....111111111111111. 1111 ³

ΤΙ. 611111 111111 1. Τ1. 11111111.

11111 1111111 11111. 5361.

 

