11 lv. RES sAcm.

1111111 11111 111 111111111111111
8111111 1111111111 111 1111615.
1111111111 1111111 11111111 1160.
Locus 1111111111 1118.
1111 1. 111111111111.
111 11111 111 111111111 11111 1111.
111111111.
1.. 11111 11111 111. 1111. 1110.
1.. 1111111111 118011.
1.. 11111111111111 1301.
1.. 1111111111 1181.
1.. 11111 101. 1118011.
1111 11111111111111 1111111103.
1111111 11111 1101111 111111111 1881.
1111111111811111111, 1. 81111.
uererer· 111111 111111 1111111111 1111·
1111110.
1111111111 111111 111. 11, 1. 380.
Nemus 1111111 5111.

8. 1111111. 1111111111 1111.
S. Proserpinae 1111.
8. 8111111 111111111111.
S. 1111111 11811111 1181.
8. Somni 1111111 1111.
enemo 1111111111 0110.
1111111111 11 1808.
111111111111 11111 1111111111.
011 111111 1111.
11111111 11111111111 1111.
111111111111111 1111 111111 111111·
11111 6111.
11111 111111111111111 1838.
11111 1111111111 1111111111 111111
uerno 1111111111 11111111 1181.
811111 11111 1110.
81111111 111111111111111.
eamr 111111 11111111 1801.
11111 1111111111 1011.

811111111 11111111 1118.

Nymphaeum 180111. 1111. 5011. 1151 8111111111] 1111 (11111111) 1111111111

11ῦ11ι1111111111111 11.

0111111 11 1111111 11111111 11111111·

111 1111.

(1111111111111) 1111.
S. 111111111 1111.
8. 1111111111 seer 1118.
8111111111 1111111.

011111 11111111 111111111111. 81111111 (11111111) 1101. 1111.

0111111111 111111111111, 1. 1111111111
111111111111.
1111111 11111111 1110.
1111313181. 3101. 3181. 1150. 1101.
1 111.
11111111111111. 11111. m. 8111.
1111111111 11111 1111111 1110. 1101.
· 11011111111111 1111111111.
8. Cereris 1111111111 1111.
8. 111 1111111100.
8111111 8111111 1111.
811111 Fortunae 11111111 1111.
811111111111 5188.
811111 11111111111111 5111.
811111 11111111.
scutulum 1108.
81101111 memorerm 1111.
8111111 111111 1111.
Sigillum 11111111 1181.
8. 8111111 1186. ,
8. 11111111 1381.
8111111 enesim.
8. Corinthium 1358.1
8. 11111111111111111111. 111111111-

1111 1111 1111111 1161 == 1011.
8. marmoreum 1110.

S. m. 11111111111111.
101111111111111111111111 11111 1111.
s. 1111111111 1311·

s. 111111111111111 1113.

s. 1111111111111.

s. 11111 1111.

s. 11111 1111.

1. 1111111111 1111.

s. 1111111 11111111 1111.

1. 8111 1111111 1111111111111 1111.

8111111 1111111.

1. 11111111 1661.
8. 11111111111111 1818.
8. argentee 1111111111 1011.

8111111111161. 1818 111.

S· [111111111111111 1080.

11111111 6111.

8. 111111 1111111111 1111.

81111111 111111111.
Templum 11111111.

Τ. 11111111 1111.

T. 1111111 1081.

T. 111111111101.

T. 11111111 111111113818.

Τ. 11. 11111111 111111111111111 11
1111111 1111.

Τ. neree 11113110.

Τ. 11111 cupreo 1811.

T. meorum 1111. 1181.

T. 1111111 1111115580.

Τ. 111111111011.

Τ. 11111 1111111 1111.

Τ. lendin ⁴5¹1.

Τ. 1111 118111111 1010.

Τ. 1111111101011. 3118.

Τ. 1111111 11111141. 8111.

Τ. eum 11111111111111111111111111.
constitutum 1010.

Τ. 1111111111101.

Τ. 11111111 1011.
Τ. 1111111111 11111111 1111.

T. 1111111 110.

Τ. 1111111 11 1111111 111 11111111·
rum 11111. 1811.

 

