m. DII. nm. MYTHOLOGICA VARIA.

1111111111 15811*
11111111 Κ. 11111. 5111111111. 11111.

11111 Ρ. 1585 ep.

Ρ11111111, 11111 5111 puer - 1955.

111111 puer Ρ. 1995. 5985.

11111 11111 Ρ. 1997.

11111 11111 puer Ρ. 1998.

111111 puer 1995.

11111111, 1111. 1111111111, 111 1.
9111111111, 11111101111-, 9595.
91111011 5590.

9111115110.

9111111111 5757.

Pru-pus 162³: 1595. 5755.

11111 Ρ.. 111111 sepulchri 57551.

Ρ111111 Ρ1111111 9117.

51111 1111111111 p. 11. 011111111111-
11111111111111. 1111 1115111-
111111 111111119975.

911111 (1) 5590.
Proserpina 1555.1579.1575.“1575.1575.
9519 ep· 5911, 9. 5751.“ 5898·

Ρ. 1111111111 1558 ep.

Ρ. 11111111 17553

Ρ. 111111111 1575 (1).

Persephone 5859.

511111115791. 5059.

1111151151 Auguste 1595.

Ρ. ’11, 8111111111111111111 1511111·
11111111 11111111 11111111 589.

Ρ. emp. (11111111 1111111 ’1111111110-
11111 0111111111 5898.

Ρ1111111 9055. 9099. 5905.
0115111111, 0115111111 959. 9105.
011511111111, 1. 11111111).
01111111 Κ. 1111111. 11111. m. 11111. Κ.
Venus· 11. 111. 5953 5059.
0. 11111111 1997 ep.
011111, 1. 1111 Q.
Reatinus, 1. (1111111.
11111111 9050.
1111111 1550.
11111111 15993
111111 155. 588. 505. 799. 1800. 9575.
5911. 7179. 7175.
11. 1111111 1715. 1709.
1111111. 5955.
Romulus 111111 poe*

97

511111, v. 511115.

51151115111 5910.

5111111, 1. 5111111.

5111111511, 5111 ·- 9059.

51111111, 511 - 1555.

51111111 Κ. 11111. m. Dee. 589. 590.
15051510. 1950. 5085.

5. 111. 1507. 5799.
11111 5. Aug. 551.
511111111111 1507.
5. (1111111115093Ι
51115795.

5111111 9515.

5111111 1589.

511115911.

suenus. v· 111111111.

seyne 5911, 1.

51111111 1557 ep.

51111111 1890 ep.

5. 111. 1591.

51511115979.

5. Aug. 9059.

51111111- 11111 5.

senene). 111511(1111111111) 5119055.

51111111 (1) Aug· 9055.

Semele 511 11 1111111 11115111 1591.

511111111111 51115989.

Semo 511111 5111515111 1550.

5111111 5. 5. 5. 11. 1851.

51111 5111115909.

5111111 (111) 5111111 1859.

11111 1115111 Κ. venue m. 111. 1850.

5111111101 (1) 1999.

5111111, 1. 111111111.

5111111 115. 091. 950. 1877. 1889.
(5111111) 1890. (5111111) 1898. (51-
1111101595. (5111111) 1895. 9915.
9715. 5199. 5558. 5097. 50905198.

01111111 5111111 5897.

Numen 5111111 1888.

11. 5111111 5895.

1. 0. 11. 51111111111111115555.

11111111 5111111 1891.

0111115111 Serapis 111111111557
(1.9)

11111 11111111 5. 5895.

511 5111111 1599.

51111111, 1. 11111111.

1111111111 1515. 5907. 5908. 5909. 511111,1. 11111 5115.
1111111111, 1111111111. 1. 111111111. 5111111111119105.

5111111 numen 5058.
5111111111111111, 1.1. 5.

51111111, 511111111 51115957.

51111, 1. 5111111111.

51111111. 11, p. 981. Κ. 0111111111. 5111111 1589.
111111. m. 111. 1897. 1598 ep. 511111119109.

5190. 5555.
5. 111. 1171. 1577. 9199.
S· perpetue Aug. 589.
5. 1111111 1899. 9959.
S. 1111111 111111 11111111 7519.
S. 111111 5899.

51111111 998. 999. 779. 1955. 1587.

1557. 155815891597. 1519. 1519.
1515. 1517. 1595. 9559. 9900. 9505.
9507. 9591. 5975. 5957. 5701. 5790.
(pur.) 1111.

 

