118 VIII. RES mininis,

1111111111111111111111111111111111111 11111111111 5158.
8111111111111811.1111111781. t
111. xxn. 1111111. 5858.
111. 111111111111111111 88881. 1111111188881.
111. 118. 1. 1. 8. 8818.
111. equitnm uentorum 588. 11111. 588.
eq. 8118111111111111 8788. 1111111 8788.
11111111111
111. 111. 1111. 8585.
111. vn. 1181. 5878.
111. IX. 1111111. 888831888. 1118. 8888111858.
111. XVI. 5857.
11811111111111111111 7888.

e. ciaeeee.

ci. 11111181111 8888. 11111. 8888. 8888.
111. 1111118111111) 8881.
11111. 881. 8881.

ci. 8111111111881. 8881. 8888. mmm, ³6⁰8.
ci. 8111111111 8888.
111· nem. 1· ¹· ⁶⁸⁸⁵· Μ· “WI Ess'ssf'iffi'n 1111.

ci. 811111 888811. 11118. 858811.

· 11111. 8888. 8888. 8818. 8788.
11811111. 8811. 1185.
ei. 81111111111 1. 8111118111 8888. 1111111111878.

8818. 8888) 8888. 8878. 1111111811 11111111111118871. 8878
et. 11111111111118858 triennem 1111 1111. 1111. 1111·
111111111 1111. 8581. 8888. 8888. 8811. 8818. 8878. 8871.

8818. 8817. 8818. 8888. 8888. 8181. 1111111111 8888.ι 8881. 8811. 8871.

111111111111811111111111. 1. 1118111811111 8881.

8871. 8878. 8888. 8888. 8888. 8888. 1111111 1181 11111111111 ee 1111111111
8111. 111 vindex 8788. 1111111111 8871.
1111111111111111111111111118118871. 111111118817. 8818. 8887.

8111. 111 1111111 81181111 5788 = princepe 88883 8878.
8888. 1111111111 1111111111111 111111118811
11. praeterea 111111. 1111111 8871.
1118811111 8888.
11. praeterea 11111111111111111.

ci· 811111118881. 8888. 8888. 11111. 8881. 8888.
ci. Penntniee 8881. 11111. 8881.
rien· Pennnnine 8888. 111111118. 8888.

ct. 81111111 1888. 8881.· 8888. 8888.
8881. 11111. 8188. 8581. 8888.

111111111 811. 8188. 85888818. 8811. 11811111. 1888. 8888. 8811. 8888. nite.
881811. 8818. 888811. 8887. 8888. 11111. 11111. omn. 888811.
iim. 11111111111 881811.

11111. 11111111111 811. 8871. 8888. 11111181181.

11111. 11111111 1111111111 81111111 11111111 158.
11111111 8818.

11111. 8881.
8111111811 8881.

7111111111 1111111 11 ..... 8888. 1111111811 8818.

 

