88 Ι 111. Du. DEAE. MYTHOLOGICA vAnlA.

11.111111111111111 1887. 5189. 5885. 8887. 8898. 8188. 8885.
11. 81111111 88811. 88811.
11. 1111111111898. 1111 1. 157. 1871. 1888. 8855.
11. 1111111111581. Numen 111811 1889.
11111111111517. 1518. 7188. 1. Aug. 1998. 8855.
11. 1111111 11111111 8589. 1. 1111111 1888111.
11. 1111111 11111111 111111 1111111111. 1. 111111111111111111 1891.
181911. 1. 1111111 711.
1181111111 9888. 8987- 8888. 88119. 1. 111111 1875. 1881.
8818. 8811. 8179. 5857. 1. 1111111111 1881.
11. 11111111111558. 8185. 1. 111111111111878. 1877.
11. 711111. 1111. 1551. 1. 11111118885. 5888. 8588.
11. ’111111811111 111111115811. 1. 011111115989.
811111111111111111111111111551· 111111 8518.
11.111111588.1858·(1). 8811. 9781. 1. 1111111879. ‚
8988 = 8199. 7119. 1. 1111111 8817. 5185. 5881. 5858.
11. 111111 1111111111111111111111555. 811111 111111 (1111) 81199.
11. 11. V. 8 11111111 1111111 1111111 1.1111111111881.“ 188111. 819111.
11111111 1111111111 111111111111111 1. 111111111111878.
1111 111111) 8981. “ 1. 1111111 5858.
11111111 1988. 11111111 1. 1111111 5888.
1111111 1855. , 1. 111, 1111 1111111111 1871.
1111111111 11111111 889811. 1111111811111111111 1889.
1111111111887. 1111 511. 788. 1178. 1878. 1919.
11111111111115818. 181811. 1898. 8118. 8788. 8818.
11118111 9811. 8181. 81811. 8118. 7118. - 111111

11111111118111111.11151818185888. 11. 111111. 111. 11, 11889.
11. 1111111111.11111 11. 1. 1. 5798. 1. 81111111 1888.
11. 11111111 1788. 1. 811111198911.
11. 111111111 1111111111 8881. 1. 1111111 1891.
11. 11111 181511. 1. 1111111111891.
1111111111 1818.“ 1. 1111111888. 58591 1. Ι. Quiris.
1111111111, 1. 81111. 1. 1111111 1811.
11111111, v. 011111. 1. 81111118119.
111111111118898. v 1. 11111,1. 11111.
111111 118. 1981. 1578. 1578. 1579. 111111111111898189811.
1588. 1788. 1781115881. 8117. 1111111871.1891.1895.·188811. ,
8515. 8888. 7198. 11111918. 1887. 1898. 8118. 8988. 1
11. 111. 8188. 111111111111. 1118111111. 111. 111111. ’

1111111111111111111111111111111111 1. 1111111 111111 1999.
1581. ’ 1. 1111 1111111111 1885.
11111111, 8111 - 8881, 111. 8. 1. 81111111 8111111 18811·
111111111. 11111. 11. 111. 1819· 1. 1111181 1881.1 1
1. 11111981. 1588. 1798. 9879. 1.11111811111111111111111111189111.
1. 111111. 1581. 5788. 1. 11111111 5889. 5881. 8888.

1. 11111111 188511. 1. 11111111 1111111 1111111111 11111·
11111111111111. 5878. 1111111 8188.
18111. 1. 111111 81111 111111. 1. Ρ11111111888.’

18111111885111. 8111111. 1. Quiris 1811. 1885“; 1. 1. curu.
11111, 1111111111, 7811. 1. 1111111 88. 889. 985. 8111818·

11111 1111111 5889. 1818. 1878. 19771888. 18811115.
1111111111 11 11111 58881. 8185. 8889. 8515. 8897. 1977. 1819.
118111111111111, 11811111111111111 8111 591ὂ. 5818. 58185871. 58558911.
18111191111281518319 Ι1111111 5815. ¹ 1. 71881111 81111111 1888.

1111111111, 8111 - 8815. 1. 111111915.
11111111, 1. 111111111. 1. 1111111111111111111 58591.

1011 1989. 1. 1111111 8111111 1889.
11111878. 1878. 1889. 8985. 9885. 8888. 1. 8. 81. 8. (1111 1111111 111111 111111)
8815. 8818. 8885. 81119. 8718. 8715. 1888. 8588. 8881. 1811.

 

