8 ,0 . Q .1 11111111 1110111101 sus·
111001 100. 7100.

Mffffl.

T 101111 uarum.
100 1101111111 sursus.

8. 0. Q .0 1111101 1110101101 011111- 1110 1100111111 0507.

11101 000.

1111101111 11001111011101111111111

8. P ,(1.1 1111101 1110101111 111111· Norici 0018.

11111 7001.

8. 0 . 0 ,0 1111101 1111111101 Romu·

uus 11111101.

Τ.Α.1.0.0.810088.
Tisi 1111111 0550.
Tsvii 110110111110081.

8 .0 . Q . T 11111011110101111110111 1010 11010οο1101 0000.

iiii. 50555518.
8.Ρο 1111 111111 110.
8 00 100 11111111015505. 0750. 5701.

8.0.0 101 1111111111111101111111111.

8.0.8.0.0.811150.

8.(1.11.0.1.11.011511.

8 ,ii 111111 111111111111011 1000.

80181 81101 0571.

8.8 1101101 81111101 5700. ’

8. 8. 11111101 1111111111 11111111.

8. 8 subscriptus 0500.

8. 8 sumserimus 11111111.

8.8.01.8.0101111101111101111
renisus suusuiiu 0070.

88 . 11. . 0011 11111111011111111110075.
8. 801. 11111511 80111 0101.
8. 8.0 suis sumpsibus 1110115855·

S. 8. 8 10111 scripsi suui 0117 111.

ST 1110111 1110111 0071. 5701.

ST 111111 5558.

81 8111101 0150. 5500. 5008. 7050.

81 1111110111 passim.

sTi 8111101 0700. 5008.

sm 111111 iiii 111.

8101 811111 1050.

8111, 8100, 81501. 8111111101111011
passim.

ST. iiiiii 111111 0111011111111 5007.

8110 1111111111 passius.

811.. 1111. 11111001 11511115111111101.

810 1110111 11100111 5701.

81011 1111111 1150 111.

8. Τ. ’1.1. 111 1101 11111 11111 passim.

81 . 11. 000 111111 1111111111 11111·
drusium 5558.

§.V 11111 0101 5575. 5505.

8. 1 1111111101 1111015171.

SV sui liifli.

svuiiii 10001111 0510.

8.1Ι1. 0 1111110111 11110110 rui i,

810 suffectus 510. iuis 111.

§.viv 1101 sirus 0305.

sisi 8011101101 ruiis.

81111115 1111 1111111110 1008.

8. 1. 8 . 1.. 01 1011110010 111001 111111
110111 1011111 0107.

8.1.1. 1. 111 ruiis isrrs 11111 0550.

Τ 11110111 1558111.
1 11101 11111111.
T 11100111 isis.

105 1110111101 5015.

10110 1111111011 1001. 1000.

100 1111111111 111001 passius.

10011 ‚G ssrsuiusuduru 1011111011
1000 1111110110111 0550.

108. 1088 111111111010071. 5701.
1081 1111101010110555.

10811101 . 001. 1111101111111111011110.

1081 . iusi issisrneniu 1111111 1800.
1 .1.0 11101011 111111001110111110555.

1.1.1 11111111111 11111 101111 57.
5705 111.; 11. 107.

10010111 0555. 0581. 5171.

11. 1111 11011101 puniris.

Tiii 1111 0555.

TiT 111011 0051.

T .K 1100111101 1111111111 isui.

1.11.1.1.0.1111111,011011
fugiri. 11 111111 0005.

Tomi 10111101010551.

TON 111111 0008.

100 1111111101 0050111.

Τ.Ρ 11111101011 posuis 0050.

Τ.0 1110001111 111111111 1505.

T. 0 . 1 1111101111 poni 1011115005.
Tii Trebius 5000.

10 11100101 1570111.

10 111111110015505. 0500. 8515. siis.
10 1111111111 5071.

1018101108.

10 11001111111111111 1011. 5558.
11100 11101015050.
1.0.0.8.0.015855.

10. soii Trsissis iuriis 1111111 0858.
1010. usi. 111001 Tristius 5010.
1010 111010101111 1105.

111. 101 11100101 1101111111 1550.
101111. u 1111111010 passius

10 , 0111. A ,0 11100101111111011 1 111·
11010 5515. 0805.

10. 01 11100001 1111οΙ111001.

100 1111111011 11101111111111.

’1.0.0. 118. Τ.1.1. 11 rugo. 1111·
1111111. dissi. 1111101 1111111111

1.1.1. . 8 iiiii isrrs isvis 111 0758.

T. V 111011 0101 0015.

TVB 1001111 5070. 5501.

 

