tet

1. 111111110111 0180 (i).
1. 11111010500. 0508.
i. 1011111 0500. 0507111
1. 111111 0500. 0501. 050711. 0508.
1111111101 1187. 7000.
0111111111 1000 = 5080.
011111111111 1188.
0110111001 1180.
1110101 10 imbricibus 1100.
1. 11111111011101.
0101111111 0015·
1111011001 11 11111111 1100. 1100.
0011011000. 1005.
A 110111110 0805.
10110111 1001.
1111111οι 0808.

011101 1111110101 0500.
0111111111 0001.

1. 1111111 111 1000.

1. 1111111101 01110111 1105.

011011 Ti. 01111111001.
0111111101 1107.
01111110111 0001.

11. 11110. 01101111 0118.

11111 11. 0500. 0500. 0515. 0570.
0811. 8151111.

1111111111. 0550. 0550. 0500. 0500.
1017. 0150. 0100. 0107. 0100.
7017. 7105.

iem. 11. 011111111011 1011110570.

11111111111 1111111101 0158.

11111111 1111 111101 0170.

111111111 10111111 0111111 Aureliani, 11011.

11. 11111110.

0100011111 1108.

01011011010005. 0115.

Grammaticus 00011. 1000. 1011)
01111011108. 1100.850οε1050.
1111101 1107.

11110111111101 1100.
1111111111 5080.
0110010101 081811.
Hieronica 101011101 11101111110101
01001 11. 0007.
0. 011 111011111 11 1111111101 000811.
0. 10101 10 0101 101101101111110101
10 11111. 11. 11. 811110 111010-
11101011. 0007. Gt. 1111101011.

11011111 -··- 0111010801.
110111111ου1 predicator 0500. 0580.
Ab 0011111 0000.

0011011101 1000.

Ab hort. 1011. 0008.

Ait 00111011 0001.

011ἓ811111101 11 110110 011111001110

A iero 5811.

0111111111111011111 puerorum 11011111-
tium 0111. 1. 0000.

XI. ARTES ET orrrcrt PRIVATA.

11110111 11110111 1011 111111 1111111 i
imiirtor Ti. 01111111 111., qui 11111111
invenit 1101111101 11111111 0188.

1111110011 0075. 0078. 0877.

111111101 1001.

irretitor 1000.

i. 0110111. 1000.

1010111101 0800.

10111 1110111701. 00011.

111111111 1001.

i. 111. 0010.

11101101, Aug. i. 1801. 1100. 1801.

A iumentie, 11110111 0111. Aue. 0001.
10111 11111111 087011.

10111 1001011111071. 11001001.
1111101 0818. 0100. ·- peritissimus
etudioeut 100011. 7005.

11111111111111 1150.

A 111111701.

1101111001, 0111. 1. 111. 111111101 -
0111. 1. 111. 11 1110111101 111111·
. 111111 0000.

11111101 1081.

i. 111110 011111111005.
i. 1011111111111 1000.
i. 111111111011007.

11100, 11110110001000. 7007.

1111110101 01111111 1., Aur. 110. 0001.
11111111 0800.

1111111 Aug· 0551. 0170.

Ι. 11 11111 0011111111 11111111 0501.

1101111111οι 8000.

01111111111101 11 11011111010011110111

1 1111001 marm. 0010.
1 1111110011 01111011, 0111. 1. 111.
Το1111111101. 0001.

1111111101 1000. 1000. 0115.

11101111010871. Aug. 111. 0080.
lutire 0101101111111 11111 1110111101

0111111 0810.

111010110111111 7008.

11111000.

111101011111 10111111111015.
11111110111101 r. Tib 1111111101111)

01011111 1010.

1101111011010. 0057. 0115. 7170.

1. 10 1111. 11111 trigemini 1010.

101111 00111101 11 11111 1111011.

11011110101011111 1111111) 0870.

Ι. qui 1111111111 1111111111101110
1111 10111 101111117000.

Ι. 11101101805.

1. 1111111101 0110111110111111 iiii·
01. officia 101111 11101111 11 neri·

11111111.
i. 11 1110011 0871.

 

