iii vm. RES iiiiiitiiils.

3333113337. 3333. 3373. 333113. 3318.

3733. 7313 (i).

3. 1133313131 11 133111 3331333333.
3733. 3773311.

3. 311111131 337113.

3. 313311133 3133. 3733.

31331333311131131 3733.

1. 11113311333113 13111113 313133·

11131 3737.
31313313 paepositus 33111 murmurum

monii 1111331133 3333.
centurionum 3331113113 quo 3311331
{auom 111 3333. 3333. 3337. 3737.
3. 313133131 11 equite 11313333 13
3313133 1133. 11. 333331331333113.
3773; cs. ordo.
stipendio 313133133131 3333. ·

o. 3311111333 333., 3333. pi.. 331.,
313, 33311333 333131.
3113131133, 3311131311, 31111133 3. 3. 33.

31111133 3313.

333131111311, 3. 33311. 313.
Comites legionum 3111111 1333113333.

133313133131 3337. 3333.

3333133311111 3333.
Commentationum 11313333 111331331·

31133333 iiiii: 3. 1133.

1333313333 aiiii: 3. 3333. 313. 1

1 norom. 3333311111 333.
(1331311113 333.· 3333.
3331133313 3333. 3333.
Contubernalis 3317. 3333. 3337.

(3311111131 3333.
1333111311111313111 3333. 3335.
Cornicen, 3. 3333. pr.
corniculariorum. 3373. 3333.

1. 113133. 3773.
3113 1111313311311133 3337.

3 33131111 1111113331 113. 333. 3773.
. 31331313 corniculariorum 1331.
Cf. 1133.. 1331133.. 331., 113.. 33311.
ex 333313311313 3137.
3331131 33331 13111 3313133 3131113333.

fiiri rumor, 3. 3333. 31. 31 333. ¹
333. 33111113. 113. 111. Aug. 3333.

331. 1111113333 3333.
3. 111131331313 333353333. 3333.

corios 1111111311, 3. icoo.
3. 1111111, 3. 3333. 33. 31 331.

conterminorum 1337. 33331 os. or·

11107· 3111133.

11133313 317. 3733.
3. rx 1111331311 3733.
3. 3333. 33311. 113131.
1113113131 13 33133113 3333. iiio. 3331.
1133131 33131111 1733.
11. 13311131. 3337.
11311131 33313 333.
3. 13311 3111131133 3333.

“gg-⁸1²⁸ 131331 13313 3737 3 31. 3373.

d. 331331 333111 31113 1111311111 3317.· ’

3. 311131311331331 73313. 333313.
m 3113131133.
331333 1131311 3373.·

33311 3331131 1313313. 13311111. 3113·
11311. 133331 1111111 iiii.

13311ὸέ15133. 11311. 31113. 3333331133

3. 31111 333111 133333 13111 333.

3. 3111131111 3313311111131 331.

3. 33311 3111133333 333333 1331311
111111 3311301733333.

d. 333. 1111. item 13331. 337313. ’

13313111313331113111333113133333. ff
331331 31331111. 31113 3311 1111111- .

ium urgento 1331331311 1111311311
11331131311113133. 3313 3373.
3331131 113311 311111. 311111333111111,
11111111 iiii. 3333331111111, 333331
munii. 331331 11111131, 331331

13113 iiiii.
111 33313 31111. 3331131 133131133-

311133111, 1111131131 ii. 33311, ¹

311111 33311 7111, 13111111 71113377.
1333331311 31111 3333.
313 3131 os· 3133.
1313311 311133 1333.
33311 3331131 111 1313. 3133133111.
iconion. 1111113. 1313. 11311. 11
3311. 1111. 333313.

’3. 3. 33 333 33333131 311111 133111 1

1331111313. 3111111. 133. 3737.

3331133 311111 33111 31111111 113313·
311 133111 13 11113 333. 11 Ti. 311
11311 333. 3333.

domininon. Coei. 333. 1. iugum
torque 1311331 311133113111331333.

33311 3. 111113 condio 113113 1131113- =

31331333311131. 13311111, 33111311.
333331 131113333.

i. d. 111113 3111133133, 1313311131, 13· ,

1311111, 33111111 3737.

3. 31111. 3. 13133. 7313111133133
torquibus. 13311111, 33111111. 333331
33311 3333.

3. 13 133. 713311. 1131111 33111 iiii.
11111111 iiii, 3313313 1111 1311131.
333111, 31111111, 13311 3333.

3111111111. 1131313333 3313131 1 1

3133111131 331. mur. 331. 1111. 331.
133. 3111. 331. 1113. 1131111311. i

(3 impastam) iiiii.

i. 3. 111113 7113111333 33333. 13111 ,

11111. 3333 3331.
3. 3. 11 133. 7113111333 31 'iiio 133.
311131331113, 1111313. 7311131111.

1111. iiii.

 

