11 V. 1111111111Το11ΕὸΕΤῙΜΡΕΒΑΤΟΗῩΜῈΑΜΙΕῙΛ.

1111111111111 51. 51. 718. 1101.

Ρ.11111111111111111111111111111711.

1389. 1111. 3539. 3151. 0311. 7111. Antonia 1111. (11. Claudii) 1111 (1111111

’11. 1111111111111 1. 11ορ 111. Germ.
1111. 1111.11111.·111.11. 111. desig.

11111. 11111111). 111111. 1111. 11111.
111. 111. (1) (1. 79111 13) -5111,

1111..- 1111. 1111. 111.111.111.111.1111.
111. 1. 1. (1Ι 711 Ξ 11) 1115.

1111111) 171.
11. 1111111111 1. 1111.

ΠΙ, ΜΡ· ,11.Ρο p, (ιῃῧεωῃω. 1111111 1111111111111.011111110111.Δ111.

111. 717.

11. 111111115101.

11. Aug. 5101.

1111111 11111111 101511.

11- ΤΙ. 1111111 11111111 1331.

1011111111. 111111· ¹0⁸· ¹¹¹· 111· 11. claudius 1111111111 (nnus 111111
V. 11111 1111111 (1. 79117 = 1111)

1111131111. 11. 111. 1“111’ (1. 71718 =

¹¹¹¹> 3780.
pont. 1111. 111.-1111111111. p. 1.

111. desig. 1111 (1. 791 = 11) 701.

111. 1111111111111) 711. 1917.

0111111 01111111 August! (1111111111)

1. 1111111111111.

0. 111111111111111 (11.111111111111)
151. 1119.

0. (1.1. 11115180. 5191.

pont. 1111. 11. 111. Vl. 111. 111. 1111. 1111111101 T¹‘· 0111111111 Caesaris 11111111

11111. 11. 1. 1. (1. 7991111) 708.

pont. 111.-1111. 111- Vl. 111. 111.
1111111. 1111. imp. 111. 1. 1. (1. 719
= 11) 5091.

pont. 1111. 1111. 111. 111. 111. 1111111.
XI. 1. 1. 111111 (1. 810517) 118.

1111. mn. 11. 111. vu. 111. 1111.
1111. 111. 1. 1. 111111 (1111111111
(18101117) 5181.

11111 1111111111 1111 1111111111 11.
1111111 (11111111 111. 1111. mn.

11111111. 1111111111 (1111111111111-
111111. ’11. 1111111 11111111 1111111
111111 1111111 151.

11111 11111111 1111111111 1111111111
111111111 ’11.111111101111111 111.
1111111111 5387.

11111111 11111171111111111 1111
11111111) 5101

111111· ¹¹¹¹· ¹¹· ⁹⁰²· Ἧι9111111· ¹¹¹· Ρ· Nero 11111111 111111 1111111111

1. 111. 1111 (1. Q 11171111.
1111. um. 11. 111. 111. 111. 1111. 1111.
XV. 1. 1. 111111 (1. 1001117) 701.
111111 711. 71311005.
pont. 1111. 11. 111. vm. 1111171.
111. 1111. 111111. 1. 1. (1.101ε11)

711. 711.
1111. mn. 11. 111. 11111. 1111. XVI.

111. 1111. 111111. 1. 1. (18015

19) 710.
1111. 1111. 11. 111. 11111. 1111. 171.

111. 1111. 111. (111111. 1. 1. (1. 103
350) 713.

1111. mu. 11. 111. 11111. 11111.
1111111 11· (1. 801ε51) 715.
1111. mn. 11. 111. 111. 111. V. 1111.

xxvu. 1. p. (1. som-:ww 51,
1111. 111111. 111. xn. 1111. 1111111.
1. 1. 111111. 111. V. (1. 8051111
5111) 1151.
1))11111111111 (1111111111. Germ!-
111111 1111. 111. 1111 (1.. 107 :w
11111111 11111. 111111. cm. 111111.
1111. 1111. -· 1111111111111111·
11111 111. 1117. -111111111111111
1111111111 11111111 7119.
1111111111 11111111, ’11. 11111111 11111111
(1111111111 111111 711.
1111111 71. 111111111111111 Augustianos
(1111111111 1111111111) 711.

’11. 1111111171. 1111111 1111111111·
gum 1111111111 1.1.1. 11111111·
1115105.

11111 Claudius 1111111 Germanicus
1111117119.

11111 cunutus 1111111 (111. 111. desig.
princeps 111111. (1. 51). 11111111
11 nummis (11111. 'm'

11111 11111111 111. 1. 011111111111
1111111111 111111. 1111111111.
1. 1. 111111. 111111. 111. 11111111
1111111111 110.

Nero 11111111 1111111111. 107. 3531.

Nero 1111111 11111111111111 1111.

11111 Augustus 0111.

Nero 11111. 517.

11111 11. cm. 111. 1111. mu· 731.’

Nero (11111111 11111 11111111 111. 11.
Germ. 1111. (111.) 1. ’111. cm·
111. 11111. 11111 111. 1111. 1111.
Aug. Ger. 1111. 111111. 1111111.
111. 797.

11111 11111111 11111 11111111 1. 111· Ῐ

1111111 111111111. ’11.11111111111.
111111. 11111111. 11111111 111111

111. 11111111111111111111111111. ,

111. 1111. 1111. 1111. 111. 11111.
(1. 58) 798. 1111.

pont. Q 1111 111. 111. 1111. 11Ιῖ ¹
111. 1111 (1.11) 5117.

 

