XIII. Nom.

AM. 1111. 11111111 111 111. 1111· 111. 11111111 1701.

1111111 (11111) 1111. 11 1111111111 1180.
1.1·01>11111111111; 11. 1111. 1111. 1111101. 1111.

111 1111110111 1151. 1. 0011 11111. 1111111111 1515.

1.1.1111111ο 1111011111115011. 1001111111101.

Α.1.1.0 1111 111111111111111 11. 11 1111111111 panim. .

11. 705. 1.1 1111111 1511. 1117. 1111.
10. 11110111 1171. 1.1. 1. 11 111111111111111, 111111
10. 1111111111 151. 103. 1187. 1001.

Α.0. 11. 11 111 qut 11111 proxim! 11111. 11111111111 111.

1111. 111111Ιο Idem 1111.

101. 101. 1000 11111111 11111111 1111111 1050. 1571 1111111111.

· 1711. 11. 001 1111111111 1111111111 111.

101. 10111 111110111111 11111111 1011. 1011 111.

1711. 11. 001. (1.1 11111. 1111111111 Gor·
1011. 1 111. 1111111 1111111111 5781.

101 Aque-m 111. 11. 111 benenatum· mun 1111.

11117 1 11111111111111. 1110111. ms 1111111111111111 111.

Anus 1111111 1180. 111111 Btturlges 111111 110.

Anum 1111111111 1111. Mi (11111111 mulorum) 11111 111111-

1110. 111111, 1. 11111111111015. 111111111115. 0118.

Aac 11111111 5111. 1 .11 . 1111 mons 5011. ι

1101 1111111111 1151. Mi. 1111 1111111, 11111111 pamm.

Α 1 011. 1 1111111111 11011 1111. 1. 11. 1. 1 1 1710.

AR. mmm 111 1111111111 1551. Mi . w. P? 1511.

ARN (011111- 111 st) V·P·S·P 1.11.1 bene 11111111 11111, panim.
11111110. V· 1111111 111 111111 1111111111111111111111115111. “
1011. m .1.0 11111111111111111111

Ilum 1111111111 10. 1111111, 1111111111, panim.

1111 · 11111111 1111111111 1111111111 {Lu-1> 1111 11111111 111111 155.
501. 1. M . Ρ. 0 1111 11111111 ponendum

Anu CV 1111111111 1111111170. 1111111111711.

1110111111, 1. officia mIlt'IarIa. B.N.M 1111 merim 1707.

111111111111110115171111. . 11111111111111111111. =

11111. 1111111 5005. 101 111111111110. ,

111111 11111111 1111 1111 111. M 1111111111 11111110 1171 111.

1101111111111111010. 111 1 1 0751. 0701.

Α. 1 1 111111 1511. 1. 11. 11 11111111111111111111111-

. Α.1.1 1 1111 11111 5311. 11111 1111.

Α.1.1.0 1 1111 faciendum 1111110111. 11 . 11111111 1171.
⁰‘ 11111111 1111111111 1111. 11. 1111111 1011.
1111011 1170. 1110. 1111111 015.
11111111111070. 1111 111111111575.
nn 11111111 1100. 1. 1 . P-II 1111111 11111111 1111111107.
110 Iugur 1111111. 1111. 5055. 5100. 5571111.
1111111111, 1111111, panim. 11 1111011111 1111111111 1171.
Ave 1111111111 passim. 1111, 1111 111111111111111111111
Ave ,110 Augusta Bagiennorum 71. 1701.
1100, 11000 1111101111111111· 1.Τ 1111011111 1111111 1171.
sim. 171, 111, 1111111111111111111111
1111 11111111111111111111. 0701.
Avari, 110011 Augustus 111111, 11111 1111111111111111111111. ΙΙ,
August! 1111111111. ρ, 10.
Μ. 1.1, m 1111111 1111 1111111 11. 110, 1100 1111111111 1701.
11111 1111111 111111111117111. 11011 1111111111 11111111 1011.
110117 1111111111111151. 1. v. V 111111, 1111, Venus 1111.
111111111111115. 0 0111111111.
1 1111111 1511. 0111111100.
1 11111111111 1110. 0701. 0111111111 010.
1 11111111110170. 0 11111111 1111. 0750 111.
1111111111) 1117. ’ 0 1111111 1111.

 

