58 V. IMPERATOBES ET IMPERATORVM FAMILIA.

1111. -· 81111111 6111111 Κ. 11111.
1111111. 11. 111. 6115. - 111111-
611111 1111111 Κ. 11111. 11. 11111. -
11 811111111181111111111 11111111
Κ. 111111. 11. Aug. ·- 111111116111
11 111111 11111 Κ. 8111. 111.

6. 6111111111 61. 611. 6. 11. 111111
81111111· 588.

Imperator 6111111 1111111111
6111111111 8886. ,
6111111111) 1. Κ. 81111. 11. 8111.
6111115858.

6. 111111 6. 1. m. 81111. 611111
Augustus 588·

1111111111 6111118688.

11111111161111111111 1.11 11111111 1111
11111 usquead 111117851811111.
11. Aug. 11586); 1161 1111111787

1111111111 611111 11111 1. 1111111111
8816. 8818. 8118. 8188. 8685.
8888 111.

1. 6. 11111 1. 111. 111111 11111111 661.

11111 1111111 868.

1111111111611111111111111856. 8885.
8588. 8186. 858511. 8688. 6158.
6586. 6787. 6858111.

611111 1111111111 3888. 8871. 1858111.

Augustus 667. 668111.

1111111 1111111111 ΚιΙΙ. 111. 11111. 11.
611. ΚιΙ. 81111. 111. 8111. 81181.
m. 111. 610. 688. 788. 865. 8867.
8865. 8116. 8176. 8885. 1881.
1618. 1668. 5887. 8876. 6611.
8185. 8166. 6588. 8778. 8888.

‘Divus 11111111 111111 8885. .
1111111 611111 11111 11111 1. Augu·

111187.

611111 1111111 61111111 1185.
Numen 61111111 111. 1. 1. 8188.

1111. 611111 Aug. 1111. mu· 6858.

111. 611111 11111 1. 1111111111 11111.
mu. 11111 1111111 11 1111111111

111161111111111. 1. 1. 881.

1111. 611111 111. 81111. 1111. 111111
1. 1. 1. 11111111111788π811.
6111.) 585.

1111. 6111111811) 1111 1. 111. 1111111.
111. 1111111. 111. 1111. 1111. (1. 785
3881. Chr.) 588.

1111. 611111 11111 11111 1. Augustus
1111. 1111. 111. 1111. 61111111. 1111·
vom (1. 787 = 87 1. Chr.) 5866.
111. 611111 mvl 1. 1111111111. XI.
1111. 811. 1111111111. 11111111. 111 (1.
78811 = 20l19 1. 6111.) 587.

11. 1. 1111. Augustus 11111 11111 61.
11111111. 11111. 111. 811. 111. 1111.
ωμημμωπ

1111. 6111. 11111 1811111. 111. 81.
1116111. 1111111. 11111111 11111111
(111 1. 788 = 81 1. 6111. usquead
1. 71836 ι. 61111868.

111. 81. 11111. 111111. 8111 (1.78818
51615 1. 6111.) 5178.

1111. 8. 11111111. 1111111111 81 (1.
71118 = 1³!ss 1. Chr.) 5168.-
11111111 1111111111 1111. 811. 111. 81.
1111). 111. 818 (1. 1111151111
n· Chr.) 86.

1111. 11111111. 8111. 111. 81. 1111.
111111. 88 (1. 715 :⁹ 1. 6111.)
pont· 1111. 1111. 111. 88. 1111. 8111
(1. 718 = 8) 885.
pont· 1111. 11111. 111. 8811 (ιι. 71118
.···. 718 1. 611.) 5611.

1111. 1111. 111. 811. 1116. 111. 88111
(1. 718551. 6111.) 75.

11111. 1111. 111. 811. 11111. 111. 818.
1111. 81111 (1. 718156 = 5111.
6111.) 51.

1111, 111111111111. 881111 (1. 718158
:bsh 1. 611.) 1888.

1111111111. 811. 111. 61111111.
8111. 1111. 81111. 11111. 111. 88
(1. 751 :³ 1. 6111.) 666.

1111. 1111. 1111. 111. 881. 111. 8111
1111111 1111111118111111 11111
1111111 1111111111 11. 758 = 8 1.
6111.) 811. Pr. 11181111.

11118111. 1111181111. 11111. 111881.
11111 1111111 1111.1ι11.11.758;1
1. 6111.) 818.

11111 1111111 1111. mn. 11111. 111.
88811755581. 6.) 818.

pont. 1111. 11111 1111111, Augur.
881111. 1., 811111 111111. 111. 8111,
1111. 881111), 11111. 111. 88811.
7661111718 1. Chr.) 611.

1111. 1111. 111. 8111. 11111. 111.
88811. 1111. 881. 11111 1111111
(1. 76818 = 8116 1. 6111.) 868.
1. 1. 11111111. 11111.1111.8881111
(1. 78115 1111118. 1. 611.) 8181.

1.1. 1111. mn. 1111. 111. 8888
(1. 7851851818 1. 611.) 8188.
1111. mn. 111. 8111. 1111. 881111.
111. 888811. 1. 1. (1. 767511
1. Um) 661.

181111 (1. 681) ΚιΙΙ. 11111. 8111111. 11.
8111.

18111111 111.. 11111 8111111. 61111111
Aug. 888. 1161. 1688. 5858.

711111111611111111111 (1. 766) Κ. ,
Am. m. 611. 6115. 5858.
primum 111111 (1111111111) 11111111
11. 711) 5858.

11111111 consulatum 11111 (1. 711)
8858.

 

