11. Gnooiiiirmcn. 7

0011110001οΜ.
001011 170.’ iii* 1755. 0000. 0000.
0500. 0070. 5055. 0010.
000000100 5000.
0000051100 5000.
0001007100.
00010010505.
001000101 000.
0011100 170. 005. 0570. 0800. 5008.
5500. 5500.·0510. 0500. 0000. 70001
01. 601110.
001100 0070. 0750.
0011100101. 110101 5008.
0010000001, 110101 1000.
0011010001 101.
000010111010107. 500. 0070. 0055. 0001.
0000. 0100. 5108. 5100.
00101110 111110 Concordia 1101101110.
100. 00700. 0000.
001. 00001001000 1000. 0500. 0000.
001. 000010011001111110100.
0111100 00001001000 0105. 0105.
Urba 00001001ου0 0107.
00001001001100. 101111. 1178.
001101000οι10 01110 0100.
11011100 010010010οι 0050.
00001000ου0 5501.
111001 Beneventanus 0000.
Berenicis 0000.
monn 00100101οί1 0081.
01. 001001001 iiiii.
0011111010 105.
0011010001οὅ.
0011010οι01 0000.
nuruum 1110010101.
00110 5000.
00100 0071.
Beruenses 0000.
00111111 1005.
001. 10110 ius. 0011101111111 510.
0011100101, qui 00100111 0001111001
000110508. 0550. 0000. 5000. 0057.
Bingium 5000.
011100 07000.
001. 0. 1100001070.
1111111010 77. 1170. 0000. 0058. 5500.
5070. 0000. 0000. 00001 01. 00111111.
011515010000.
1111011101 0500. 5010. 0755.
0110111 (10501 100·
00011101 11111001 100.
01110 5105. 5500.
0101001 5105.
0101000010οι ingu- 0101.
000100000100111 0707.
00001001 ungui 51770.
Boiodurum 5000.
0011 00570.
0000010 010. 001. 0070. 5010.
0000110100 0000. iiiii.

iinuio pm 1001111 Apennini 0101.

001511000101 5000.

00101150001 750.

0011110111) 0010.

001100001οι 0010.

0010110 0011000011010 5070

00111100 0005.

001111001010001. 0701. ·
1115001 100100100111100101 110. 0050.

0100010 1000.

01. 11010110 005.

0100010010010010055. 5017. 5000.
05110. 0850.

0011100101 0100010110 0105.

0100001001 5050.

nuntio 000.

01000001101 000.

0510. 0700. 0000. 0007.

0111001100 1010. 5010.

0111100. 5000.

1111100010 000. 715. 800. 000. 1007.
0000. 0007. 0100. 0001. 5017. 5000.
5107. 5051. 5055. 5008. 5100. 0010.
0507. 0000. 0000. 0050. 0000. 7000.

0111100100 10110 1000.
01110001010001 0000.

0111111 1070. 1107. 07051 01. 0101111.

011110101 000. 0000. 0000. 0155. 5000.
5701. 0510. 0700. 0701. 00570.

01. 1011100011010017.
01. 711101100101 1007. 0707.

011111 07. iii. 1071. 0100. 0700. 0750.
0005. 0000. 0000. 0000.

reip. 0111. uiui.
001. 0111001010110 00.
01111001 0700. 0051. 5057.

1111110001 0700.

01010110 5000.

Brundisium 100. 5100.

0100011101 0001.
0101110οι viiii in 01510115100.
11101111 0500. 00001 01. 0111110
0. 0110111001 15010.

0111101111 5070.

001101 100 nn.

001011101 5100.

01100000 0070.

011001000070.

0110011001 5500.

005110110001111000. 1000.

1101101110 5010.

01501110001001 0110.

00000100101 50711 1100111101011101.

Cadini 0000. 0007.

Cadurci 00505000.

000010000οε 00. 500 = 5050.

01011110ιο1 000101111 0101.

000101101 0000 su. 0707.

00011101 0707. 0700 up·

 

