vm. tttts MILITARIS. 141

44114 4444441444444 8487. 84119.
44114 4444441444444 41 Ι44444144144 44111-
tum 144444144144444 8871.
44411. 4441444444 (444444.) 9.
4444114144144 9. to.
44 844411414414 8745.
84444444 414114414 444414414444444 84-
1441414444444 8894.
Protectores 8050. 8891. 44444414 4788. .
44. 44444411444 8587.
44. 4. 44. 4788.
44. 414141 1414414144. 1889.
4441. 44. 44. 8588.
8441114411 5448. 5448. 5481. 8708.

81444144444
,ι 14144444 8418. 8458. 4448. 5580. 5408.

4. 1144444444 44411444 414441441444 8418. 5 praepostus 8188. 8498.

8585. ’ 4444444844 414441 41 campidoctor 8498.
4444144 4144. 8488. 8585444. 8588. 4444411414444 8418. 5508. 5808.

5580. 8789 (t). . 44444141570. 8478. 8588.
44441444 4144. ,144. 178. 487. 8409. 44114 8789 (tt.

8415. 858544. 8588. 8585. 4444444444 444144 8474. 8481. 8504.
4441144 4144. 8444. 5508. 444444144144 8478.

14444. 444. 4498. 41414441 8588.

4441144 4144. 1444. o. 1478. 8087. 444144144 8478. 8481.

8504. 8588. 144444414 8587.
4441144 4144. 4. 4. 504. 5480. 4408. 114444144 8474.
44. 4144. 444. 444. 84444. 5408- 4444414144144 84188478.
44. 4144. 144444 44 44444114 8444144 44 41441144 8087. 8478. 8481. 8504.

414 814414 4. 1. 4411. 48758409· 44411144144 8418. 5408.
44. 4144. 4. 4. 4441414 441441444 8487. 144414 pamm.
44. 4444. 144. 4458. 444144 44444, 444144 4444 44444444 44.
41444144441144. 8598. 8487 , ot:
4444 4144414 8088.ι 4441144 441 14144 4144414444 4411114444.

4441414 44414 8444414414 5480.

44444 1414144144 144411441 tuso 488.
4. 414 4144414444, 4. tn 4114.

4. 8441144 4144414444 8718.

444. 4144. 8411444141 5448. 88584.
81414444, 444144144 8488.

41. 8444411 8594.

44444444 414144444 44. 8888.

41414444 8787. 8771. 3:23032337' ⁶77¹·

1144444444 syrorum 44411144144444 4488. 44444441144 4588.
11444444 8444141444411) 8414.
1441114114 8180. 8898. 8888. 4444444144 8180.
1441114114444 4441141444,1.441444,8444- 44444441144 8844.
44411444 44 1144441444 8801.
44411140444414 8444444414 8911. 144. 8911.
4441114114444 14 8441444 44 4411444 844·
1414444 44444144 8898.
444. 44441444 1. 11. XX. m. 8458. 14144444 8448.
444. 44411144, Pon· 14144. 4880. , 44441. 8980.
444. 8411444144 5958.
444. 04444444 8444414. 8575. 44144444 8475.
444. 144. Vl. 1444. 4881.
14481. 41414. 4. 1. tto-:tm
144. X. 4444. 8008.
1448118448009·

 

