155 vm. nm mulus,

555. 1. 111515 1551555155. 511. 5155.

555. XV. 551. 1515. 5151, Ξ 1515. 5151.

xv. 55. e. 5. 5151· 1511515511

555. 1111111. 551. 5. 11. 1971. 555115151971.
555. xm. 551. 1151. 1515. 1191-
555. XXX. 551. 111.

555. xxxu. 55. 55. 515. 5555. 1 111· ⁹⁰· ⁵¹²·
55551. 5755.

..........,,.......

1. 1155.

115... 55111551515115555155155555. 1555. 55551. 1555.

115 111. 111155. 55551. 111155.

115 11555555 1771.

115 1551551555 5715.

115 15155151555 5715.

1151. 155555555551151. 5115. 5115. 55551. 1151.
11. 15555555. 51115115.

115 1555111076· ⁶⁹²⁴· 1111110115.

515 1. 15155555 1155 =.· 5719. 55551. 1155 = 5719.
51511. 15155555 5511. puer. 5511.
515 111. 15155555 1597. 55551555 1597.

115 155. 5575. 55551. 5575.

Aug. 55 515151551 555515151111. 55551. 1111.
1151. 11515555. 5511. 5151. 55551. 5151.
115 1155. (1) 1119. 55551. 1115.
115 5511555155 5511. 155. 55551. 155.
1151. 51155. 11511. 5511. 5111911. 55575.

115 555555555555 1515.

Gumm- 5. R· 55. 5511. (1) 1575. 55551. 1575.
1151. 5555555151555 95. 5115. 55551. 95.
(115) X. 551515551. 551115515551151.

115 55155555 5717. , 55555555 5717.
1151. 5151555 1155555. 5115. 5119. 5111.

555555155155555555.55555555. fflffisssssgssffi

515 1. 5155515 5511. 5519. 55551. 5519.
115 5155511555 5175.
115 1. 155. gem. colonorum 5911. 55551. 5911.
115 5511. 551555 111515 555155155555 5715. 55551. 5715.
115 1. 155555. 1959.
· 1111515115555. 5919. 55551. 5519.
515 115555. 5559. 55551. 5559.
115 955555555551575. 55551. 1575.
515 1. 1555551555 9555555555 5557.
115 5551555155555 115515551555 5577. 55551. 5577.
5551. 11551. 1155111555 5575. 55551. 5575.
115 5555 115555 1151. 55551. 1151.

· 1151115515 515 555115 5511. 157. 1199.

515 1. 515515 511.
1. 51. 5555155 5115.
515 11. 51. 5555155 5115.
115155515515555115. 5115. 55575. 55551. 55575.
15551. 115555551555 5119. 5115.
cs· 515 rumorum.
115 5551515555 715. decurionum.
515 51155555 11551. 5111.
5151. 91. 555151. 1195. 55575.

 

