V. IMPERATORES ET IMPERATORVM FAMILIA. 05

01111111 1111111111111. 011111111-
1111111111. 0771.

1111. ’1111111111 111. 701. 0070. 0570.
1111. 0101111111. (11111. 5050,

011111 1111111 111111 ’1111111111 Augu·

11111500.” ’
11111. (1111. 01111111100511.
0111111101111105. ·
1111011111110000.500050010771.
01111111 111111110000.
1111111 11111111111111011151111 707.
1111111 Traianus Aug. 0587. 0170. 0000.
111111 Τ11111111,1111. 1111. 1511.’
111111 Τ1111111 1111151111 1007. 5000.
1111111 ’11111111 1101. 1570. 0501.
0100. 0050. 0000.
11111111 1111. 01111111 1111111 ’1111111
Aug. (1111111111 1111111 700.

1111. (1111. Nerva 1111. 11) 111111.
,111.-111111. 1111.1111.1115. 111.
111. 11 (1. 00) 070.

NB. 111 1111, quo tribunicia 11111111
11 1111111111. 1111111111 111, 11.
1115110.

1111. (11111101111111111111111 11111-
111 111. 50ος 11. consuenda.

1111. (111111 11111 1111111 1. 111111
’11111111 Aug. (11111. 1111. mQ

1115. 111. 111.11.1.1. 1111. 111
11. 00) 110.

1111. (111111 111111 11111 1111111 1.
’11111111 Aug. (11111. 1115. 111. 111.
ιῖῑ (1. 1111 111.

11111. 111111 Τ1111111111111. (11111111-
111 111111. (1. 100) 1155.

1111. (1111110111Ν11111 1. 111111
’11111111 111.(11111.1111.1111.
1115.111.1111.1ο1.111. 111111. 1111
(1.100) 780.

1111. 111111 Τ11111. 1111111111
1111. 11111. 111. 111. 1111. 1. 1. (1.
101) 000011.

1111. (1111. 11111 1111111 1. 111111
’11111111 Aug. (1111111111111111111

1111151111 1111. 1111. 1115. 111. V.
111. 1. 1 11111. 1001 10111 15011.

1111. 011111 11111 1111111 1. 111111
’11111111 (1111111111 1111. 1111.
1115.111.11.1111.11.111.1111.1.
1. (1.100) 780.

,1111 011111 11111 Nemo 1. 111111
11111111 111. German—teus mele]

1111. 1111. 1115. 111. 111. 1111. 1111.

{225⁸ 11 (1. 111) 1115. 1111.

1111.1111.11111.111.111. V. 11.
(1.101-1111100.100.-ε705.

0111111.111111111.11111”1.111.111.

1ο11.1111.1115.111.ῙΧ”. 1111. (1.

10510) 700
1111. 1111. 11111. 111. 11111. 1111. IV.
1111. 1. 1. (1. 10010857.
1111.1111.1115.111.11111. unp'v‘.
111. V. 1. 1. (1. 100) 101. -
1111.1111.1115.111.Χ1. 1111. 11.
11111. 1.1.(1.1071015111. ·
11111111. 1115. 111.ΧΤ1.1111.11.
111. V. 1. 1. (1. 100101707. 5111.
1111.1111.11Ι5.111.11111. 111111.
1ο11.1.1.(1.100]10150075100.
1111.1111.1115.111.Χ1111.111111.
1111Ῐ 1. 1. (1. 11015110.
1111. 1111. 1115. 111. Χ1’. 1111. 11.
1111. 1. 1. (1. 11110-000.
1111.1111.1115.111.Χ-11. 1111. 11.
111. 11. 1.1. (1.11010100. 5115.
1111. 11111115. 111.Χ111.1111. 11.
111. 11. 11- 11- 11. 11011100.
1111.011111-’1111111111101111111.
01111. 1111. 1111. 1111. 1115. 111.

ΧῙΙῙ. 1111. 1-11. 111 ’11. 1. 1. (1.
1111 00571.

1111. 1111. 1115. 111. 111Ῐ1Ῑ. 1111111.

111. 11. 1. 1. 1110111111 11111111
(1. 115) 700.

111-1-1111 11111 111. i’vTsffi (11.
11111.111.11.1.1.1111111111111-

nun 11111111 (1.1151 700.
1111. 011111-11111111101111111111111

1111. 11111. 111. VT. 1111. Χ11. 111.
11.1.1.(1.11711010-.-
1111. 1111. 11111. 111. ΧΧΙ. 1111. ΧΙΙΙ.

111.11.1.1.1111111111111111111111
11111111 (1. 117)“1οΞ; 11. 700.

(110111111111111111101,1111101111·
lius 11.11.1’1,15711111111111111111
111 1111111111, minima 1115111111.·

1111111111111111. 111111111-1
1111 11151.1115.1111111111111111111
511 (11. ad 5113), 11111111111111·
mam 111111 1111111111 1111 temporum
1111111111, 11111111 primis 11111111·
11115111 1111111110.)

11111111 1101.

’1111111511 0581.

Plotina Traiani.

0111111 111. 1111. ’1111111 Aug. 1. 1.
1172111. 1111111111. 700.

Ρ. 111. 700. 0050.

11111 Ρ. 0711. 0771.
111111).011111111110111111111111 707.

11111111111111 Troiam:

111111111111110111. 701. 5000.
11. 1111. 700.

 

