v. 1111111111 1111111111111111111111. 11

111. 1. 1. 1119. 111. 8191.

111111 11111111 1101. 1059.

1111111 1. 111. 898·

1111111 11111111 1111171101.

ulum 11⁰⁴·
11. 1111111111. 11111111111111. 895.
1. 11111111 11111111 8111111895.
Didius 1111111111 1111.

1111111 11111111899.
81111111 Albinus 8111111.

81. 1111111118. 1. V. 8. 9003

11. 8111111 8111111111 1191111811111

001. 0089.

11111. 8111. L. 8111111111 81111111 1111.

1111. 8111. L. 8111111111 8111111 1111 ·

11111111 111111115188. 5198.
1111. 8111. ·· 11111111 1111. 111.
11111. 8111. - 11111111 111. 1111

1111111111 11191111 1111111111 1111-

9111111 5817.

111. 1119. 11111111111 1111191111

1111. 1. 1. 1159.

11111 11111111 1111. 1119. 111111).

111111. 1111111111 180. 8977.
11111111 111. 1119. 11119. 111111.

mu. 5191.

111111111119. 11119. 111111. 1111.
1111 11111111 1111. 1111111119. 1111.
1111. 8111111 111.111111111111 1. 1.
1111. 8111. 11. 11111111.. 1111 1. 11111

111 1111. 11111 111111111 pron. 11111

’1111111 111111. 19111. 111111111111

111111. 1111111 1111111 811111) 917.
Imp. 8111. 1.. 8111111111 8111111111.

1111910.

8111111 111111111111 111111111111.

1111. 1. 1. 1919.

81111111 11111111 1111. 5178. 5881.
1111. 8111. 111. 111.. - 11111111

ww- 1111111111. 11111111.

1111 11111111 1111. 8818.

1.. - 111111111. 1111. 1111. 8919.

1111. 1.. - 1111 11111111 111. 1111
11111 9788.

1111. 8111. 1.. 81101111181111111111.

11. 1. 1111. 1.. - 1111. 9108.

1111. 1.. -1111, 8118. 1918. 5810.

11.11.1..-· 8111. 111. 088.

lmu- 8111. 1.. - 81111115808.

11111. 1.. ·- 81111115888.

1111. 8111111111 8111111 901.

1.. ·- 8111111111. 80711.

111ἑ1ἑ98111. 8111111111181111 111.

11. 1 11111111 11111. 8111111111111-
11111111. 1818.
11. 1. 81111115107.
11111. 8111111111. 8157. 8909. 8188.
111. 81111118778.
1111. 811181111118898. Ι
1111. 8111111 179.
8111111111. 918. 919.
1.. 8111111111 8111111 5085.α
8111111 0751.
111111 8111111111 811111111111119.
11111. 111111. 1111. 111111. 1111. 87811.
1111111 8111111 1111. 1111111111 1111.
8111. 11. 1111111 811111 11111111
111 1111111111. 5808.
1111111111 81111111 5190. 5595.
1111111 8111111 11111 11111111 111
1111111111. 8500.
111111 81111111109111.1 11. 11111.
1111111111 1111111111.
Numen 1111111111 8111118591.
111. 811111 1.. 8111111111 8111111
11111111 111. 1111. 1111. 1.1. 1119.
111. 111. 11111. 11 (1.198) 818.
1111. 1.. - 11111111 111. 11 (1.190)
1111. 8111. 1.. - 11111111 111. 1111
111. 11. 1. 1.(11111191ς801111117.
111. 1. 11. 1119. 111. 111. imp. 1111.

111. 11. 11111111111111111111111111
1111111 (1. 108) 908.

1111 11111111 111. 1119. “Q
1111. 1111. 1115. 111. 111 1111. 111.

111. 11. procos. 1. 1. (1.198) 988.

1111. 8111. 11111 91. 11111111 111 811-
1111111 8111111111 1. 11111811111111
111111. 11111 11111111111 11111. 11111
111111111 111111. 11111 8111111111-
11111 1911111 01111111111 1111111
1.. - 1111 Pertinax-jug. Q:
1111111. 11. 11. 11111111111111.
111. 11. 1. 1. (1. 1801808.

11111. 8111. 1.. -1111111111111111,
11191111111191111. 111-11111111.
ιῖιῖ. 1111. 1111111111. 1. 1. (1.
1981008.

1-1111. 1111111ζ 11119.- 1111. 1119. 111.
11. 1111. ΧΙ. 111. 11. 111111. 11.
(1. 198) 908.

1111. 8111. 11111 Μ. 1111. - 1111111-
11111 111. 1111. 1118111111 111111.
1111111111 1111.1111.“1111111111“1-1-11111-

-1-11111111 1119. 111. 11.1111.111.111.
11. Ρ· 1. (1. 198) 801114 .-
1111. mu. 1119. 111. 1111. 1111. 111.

111. Tu (1111. ῙῙ) 111111. (1. 800)

1191388111. L. - 1111 11111111 111.

1119. 11119111111111. 1111. 1111.

 

