0 11. Gnocmfficn.

111515. 0151. 000011. 0111105511 5000. 5000. 0000. 0011.
015111513500. 0013. 0000.

011111515 11511511 00501. 011115511151 11151 05111 5105.
0111111511110000. 0007. 011510570. 000011. 317311. 0000.
011111. 151. 5737. 5157. 0305. 7000. 7150.

551. 011111. augustanam). 551. 15111 051111515111011113000.
cantabrigensis 5000. 05555105 1501 0115111 05111 011111
0111111 100. 5155. 5150.

01111111 5150. 01151111151 5511511511, 551511 - 5307.
011511 0051. 01111515101. 5100. 5500. 7110.
01115111 1007. 1100. 1170. 3005. 3700. 01111111111 3050.

3035. 5570. 55701. 0500. 0705. 01151115) 0001.

0030. 01111151 3000.

15115 011151151 0570. 011155 5010.
010155015151011115115115115150000. 0115.. 1155. 1151. 0075.

0101151151, 0101551111 5300. 5705. 1511101111510000.
5000. 011151151 5070.
01111151130. 0515551551 0030. 0000. 0005.
’ 01151111511000. 01155111511111511111101115151117000.
01051351 505. 01111 007.
011515010. 0155150151 5330.
01151151151111 01131111151151, 151551 0155115 00. 500. 1000. 3030. 3500.

5337. 5005. 5310. 5500. 0507. 0511.

011151130. 5300. 0303. 0500. 07001. 0000. 7000.
01111551177. 0331 ns. 05055515. 011151115155111 1115151 0035.

01111151 05515111 5030. 11155511110111511111151110010. 0000.
0111111111 5000. 15111 01115115 3000.
011111111511.11511 700. 011151111115151 500. 0000.
0111111151 11111 0000. 551. 011151111115111 1511 0000.
Camulodunum, 5111111015111551111000. 551111111 01111115. 0003.

01151111 000 = 0705. 0151501111 1013.

01511151 000. 0170. 01115111 3000.

0115111 (1) 0575. 0111115511 0110.
51511115511110581· cunnum 1111. 1551.

Via Campana 001. 0570. 0000. 011111151 7010057. 0517. 7000. 7101.

Vt· 11105 flamm· ³³¹⁵· 111511111115.1151.1151.5151 1111.
011511511 1051003. 1101. 1100. 0000. cananum 5030.

0085. 3100. 3100· ³¹7⁰· 317310· 01051555151111, 01111155151151111000.

3075. 0310. 37013700. 3035. 5150. 5111.

5150. 5500. 00000507. 0000. 0010. Caurum 551511 100.

0003. 5515111 15111 011115 5515 1000. 5500.
05511151 3300. 3530. 5101. 0111155511111000.5550. 5550.
0515111 0551555155151. 5113703. 0111515 5010.

01511151 ’15115101 0000. 0115111111 0005.

015111155151 0070. 0111111551. 111510000.

0151551, 01111151 0100. 3700. 011111 3700.

0111 1070. 1151011111 3770.
0111115515.11515111150011111-0000. 0111511151 0510.

011511511151, 05515111115100. 5010. 01115115115130101 5. 0505511015.
01111155.5511115111115151110110030. 0115115115010.

551. 015111110510. 011511151 000.

01151111 0007. 01115115511151 5010.

011555. 51111111511551151111113000. 011515111511 0101.

011551151155151111000. 3007. 0000 015515115030.

= 0000. 01510511 0055.

011511 3710. 01111151 100. 13111.
1151511 0115151111 1000. 01115511111 15011.
1511111111 0115155111 1003. 0111115055.
011511551111 1151111111 1003. 0111115151ιο 100.
011115111 001. 0511115001. 5051.
0111151151 0511051111 100. 151. 01111111 011511. 501. 0000. 0700.

 

