11 11. 1111111111. ,

Ρ. 1 111111 8108. 01111111111111111111011111111 ,

8101111111111111811110 8170. 8165. .-. 8868.
Ρ. 8111111111 1 11111111 (11. iiiri 111011111 .
11116107. 1111111101 1111111111 ’81101111

Ρ. v. murium 1 111111110111. 111. 5808.
6108. 8101111
Ρ. 1111161111 8858. 81111011 11111 provinciarum 81011·
Ρ. 1111081111 Aemilianus 1110- 111 181. 185. ¹
81101 8100. 1111101111 111111111 11111111 111111-
Ρ. 111111111 1110111111 1518. 1111 8101115887.
Ρ. Augurum 1818. 1656. 1858. 81111011 81111 11 Augurii 10 rrum,
Ρ. 11811111 111111 111111011 8158. 1111 11110 1110111111 880, i.
Ρ. 11111111110188111111. 1. 8110. 1. ii. 11 i. 11 1111 10 1110111111
Ρ. 81111111111 epulonum 8888. 111111 1181110111 1018.
Ρ. septemvirum 8108. 1. 1111111. 1111111101111.111·
Ρ. 81010111 111. 1 111111 8185. 111 1181111111 5188.
Ρ. 11111111 1 111111 81111111 Augu· S. 10 1111111 81111 11 111. iii
1110111 8108. 1111. (110. 5885. ’
8811181111110101111111101118108. 8. 1011111. 111111 11111. 10111·
8. 11 1111111111 11110111 Anioni· 01111. Amris 1111110111 5188-
1111181111118108. 811 1111 61111111 111111 1111
8101111111111111111011)1810. 8111. 11111118. ri. i. 11111 1110111·
Ρ. 81111111118858. 1111111111 1111011111 5868.
8101101 8808. 111111111111111158. 8. 10 rrum 11111111 moriri 8811·
0111111111 110110 8158. 11111011 11111111181111111111 1888.
1111111101 11111111 111111111 5010. 8111111111111111011111111111118.
8511. 811111 1111111111111111 111111111-
1111111111111101111110111111118156. 111 1811.
811101 110110 1111011 818811. 81111111 Dim Augurino 1111. (011·
1. 101111 1111101111011 1187. bonensis) 6008.
811111111111 11011111 1. 111 111111 8111111111
1110111 1111111 1111, 1111111111· 81111111111111111111111111 1111111111
111 1. 1111111111111111110111 (Ρ. 11. C) 151. 8185. 8815. iiii„ 3
111111111118111.110111111111 ,R 111111 11 Augurii 1111111111 ¹
iiiiii. 1111111111 1111111111 155. 8818.
’1111111111 8111111. 1. 1. 1. 1., 1101- 8. 1111111111 1. ii. 1. 8161.
111111111180811. 8. 11111111 111. 1. ii. 1. moi. 1
61011111 tibicinum 1181111111 iiu- 8. Diuorum 11 Augustorum 1. ii·
1111111, qui r. 1. 1.1. 8118. 1. 5885.
8111118111111111111111111. 8158. 8111111111 1. ii. 1. 887811.
8. 110101111111110116101. 8111111111 11111111111100 1. ii. e·
Viriimurii: 1101111111111111 (11· 6001.
surio) 11 11111010οι11 11 1111111111- 8111118111111011. prouinciarum
11111111111111 11111111 1158. 11111 5885.
811111111118155.* 811111 uirorum 111111 11111111 (i
1101111111) 8788.
1. 11111111111111811101.’ἳιῗίιῖἲιωῃἨ1 ⁸¹ *¹¹8¹ ‘mmm'
irair'u: 81111111 111111111 8111111 8165.
eampum: 11111111
81111011 6118. 6111111118111111111111 8111 iim·
611101111 · 111111111111111011111111111101
811111 8111111. 1111. iiiii* 1111111111111111; 1110111111
81111111 111. 1011111 111111111111111111
8111111 81111111 8187. 1111111)

Ρ111111 81111111 quindecim 1111- 81111111 1111111. 8111. 81011051
11111 88. 87. 8118. 6181. 81111111
1111111 10 11111 811111118188. 11111111 8111111111111 irie 11111·
’811111110101111 morundi 1111, quorum 11111101
81111011, 1111111111111111 rire 0111 0111111111 11111111111100
Umbri· 011 1880. reguntur iiiii.

 

