· ,118 lx. RES MVNICIPALIS.

11111. 11111111111111181. 111111111111111111 1111111111 1111
111111. 1. 1 1111111111 3873. 111 foederato 3188.

111111· C· ΰ1111111 (ΙΙ1111)Ρ111111117051· 11111111 11111111111 1111111111 111·
nrm! 111111 11111111111111111111 111111 1111111111 111111 11111111 ,
ad 111111. 1818. 1111111111 1818.

11111. Ι· d· 111111· (ἶ111Τ11Ι111111 81111111 111 11111111 1111111111115.

Troiae? (111 11111111) 111. ,1111111 5188.

11111. 1111111 Corfinii 1171. 11111111 1111.

11111. 11111. 11111111111111. 011111111111113811.
Pompam 1188. 1111111111111 11.
1111111111. 11 :umentorum 1111111085.
11111111 1181331105· 81111111 1111111 111111 1187.

pro 111111 11· Nicaeae 4111· firmae 1111. 1111.

11111. 11111. C. (1.1) 11111111 11111 0111111181. 111111).

111. 1. 11 Tu. 11111111 111. 111 81111111 3815.

,1111111111 1778. 1111111 111111 11 1111111111 111 1
'st 81111111 11111111 3811. 1111111111 81. ’
ΤΙ. 11111111 111.. 111111111111111111 1111111 11111 pub. ,1111111111 1181.

ΤΙ. 1., 1111111111111111111111111. 1111. Eburi 1115.

11111111111111 1170. 1111. 111111118111111. 11111 3111.

11111.(111111111111111111111.)1111- 11111 11111111 11 111. 1111181111
1111111111 1111111111 3871. Amerino 3188.
8111111111 11111111 111111111111111 11111111 11111111 ,1111111 1117.
11111118111111111111111838. 11111111 1813. ’
111111 1111111181111111111.111 111111 Cremonae 3813.
11111. ,11111 3817. 11111111 1111.

Ν1111118111111111111Ι11111.11111111 11111111 3883.
3815. 1111111111 3117. 3118.

...... 8111111111 1. 111111 quinq. 1111111 3783. ,
Praeneste 7113. Ulubris? 113. 1
1111. 11111111 1111111111111111. Aug. pecunarum 1111111111 111111 ³³⁶⁶·
111. 811111111111111111111111- 11111111 11111111 11 111111111111
“ 1111111. 1111111151. “
11.. 11. 11ἓὲ11111111111111111111111· 01111111 alimentorum 1111111 1311.
1111118 . 1117.
1111111111111111 111 11111111 1111. 11111111· 1181.
81111111111111 7171. Amyntae 4101,
11111. 11111111 1111111111111111 11· Arimini 5113.
11111111, ,11111111 3871. Ausus· 3316,
111111. 1111111111 (1111111111.) 1111111 1111111 3888.
1111. comptae 1883.

propraetore 1111111111111111 1111111 7135.
1111. 111111111111. 118.

11111. 11111. 111. 11111111 1881. 1173. 11111111 3788·
111111. 111 1111111 1111111811. 1111111111.

1111111111 111111111111111117115. 1111111111 1188.
1111111111 Gabiis 3878. 3871. 1111111111 3881. 1151 (11. 1111.

1111111111 1111111111111 ’11111 11 Suessula· 1311331881.

1111111111111 11111111111111111111-, l· 111· 25⁴5·
1111111111111111111111111111111111 1111111111111111111111111111 1111.

11151. 151111. 7115 111. alimentorum 1111111) 111111111. 1111·

Puer. 1111111 1111113787. 1111113181.
” 1111111111 ww. 1111113ἓα1ιῐί11τ11151191ἓὸ11111111111 1818.

111111 111. 111111111111111111111111.

’ 1811111111111 71115985· 81111111 (11111111) 1111111111111111

mmm 111-17113· 1111111 1111.

“““““ 0111111111 11111111 3711.

Quonim pamm 111 1111111111 11-

*¹¹*

 

