11. nnocnffmci:

711111111111111 5991. 711 0111111111 5970.
11 71111 (0111111) 5910. 0111111 111111- 011111 9193. 7910.
1115981. munis. 0111111111 775. aia.
(1111111111) 5910. 111 1. Gabinorum 1308.
Firmum 85. aion. 7195. 7197. 010115910.
1111111 Firmano 9998. 0111111, 0111111 9970. 3898. 518808571.
Firmani 3118. 0111111 301111150919. 1918. 1910.
71111111 003. 1099. 3179. 3171. 3177. 011111111011111011111111991.1980.
3851. 3909. 0175. 0187. inauribus 7909.
a!- 71110919· 1111111111 3331. 3079. 5919. 01801 vi·
711 711111111111. 711. m. 1111111. 9985. 1111111. “
9018. 3151 .·.·. 3183. 830911. 8811. 011111111 51931 ai. 01111111.
1370. 5330. 5580. 0019. euius 1311. osai.
iiruooia? 0111. 0101111131. 0919. 0919.
711111111 (0111111 111111111115910. 111111111111101111118051.31531917.
7111111111 9579. 3711. 3713. 1191. . 5900. 1393. 0993. 5919. 0950.
7111 Lysias ii) 3393. - 1111 1111111111 0111111 1111ου111111.
1. 11111111111171111111011111111111 Narbonensis. 1111111111 (moisi
11111) 5009. - ' 3178.
Formiis 9951. 0111111 Lug. 1111111111. 0913.
Formiani 8789. 1137. 0909. G. 1111111111 19151 o!- 1111111111.
7111111111111 80. G, 9111111798111. 8111111.
i'oruii 5181. 5109. inhumanissimis& 1151111111111111.
visani 71111111 3791. G. Narbonensis 9091. 3180. 5177; os.
711111 11111780. rioraonmsis.
i. 1111111111 5901. 0. 7111101111 180 sn.
i. 01111111 787. 5999. 1111 0111111111 3050. 0919. 0850.
1. 01111111 7111111111 993. 991. 995. 11111111, 1111111111 arcia G. 1919.
1. 0111111 7111110111 0111011111 087. 0950.
1. 011111111100. 5910. 1101111111 0. 3050.
1. 01111111 5919. 1111111111010111111053.
1. 71111110 0717. 01111111111111 prouinciarum 0910.
711101111111111 98.9 quinqua 11111111110111111 0171.
1. 7111115110. 01111 185. 3575. 3051. 3838. nm
i. iiiibariionum 979. 5118. 5180. 5119. 5113. 1857.
i. iuiii 3191. 08581. 0918 (i).
7111111111111 9911. 0111111111111 9991.
nisus 7111111111111 9177. 5113. 0111111111 (11 011111 1111111111111) 909.
111111111111111111111111111735111. 011111111 1111111109.
1. 11111 91111111 5911. 0111111111. 01111953. 951. 955.
1. Livii 5910. 011111 5350.
1. Segusiavorum 5910. 011111113191.
i. Sempronii 3771.1039.1003.5910- Genusia 9110.
1. Vibii 5109. 01111111. riona Aniiooirioa 171. 1101.
711111 1085 ro. 108011. Arimini 3110.
7111111011 3108. 01111111 7501519. 1707. 3180. 3195.
71111111181011. 5017. 5091. 5119. 5191. 0709. 0859.
irarum 3308. 0111111111 11111571. 5530. 0989.
7111111 175. 01111111 11111191 798.
71111111 178. 0. 11111111179. 185. 899. 1707. 3398.
711111111115155. 5158. 5509. 5580. 0500. 0918.
Fris. 171. 0. superior 179. 185. 3598. 3000.
insius. 7111111 171. 171. 5501. 1051. 0501.
iruuino 11 Barbarion 0810. -01111111 773. 1919. 1590.
7111111111111790·11111111111). 01111111 150. 5910. ·
7111111111 iia: 0717. 01111 1135.
7111119951. 5019. 01111 ing. 5311.
iuononi 891. 7037. 0111111 900.
11111 Fundani 7979. 0111111 5910.

Porio 1919. 9188. 0111111 907.
riona 7111111111 9188. 1111111111 5990.

 

